date,close_value,highest_52_weeks_value,highest_date,lowest_52_weeks_value,lowest_date,is_high52,is_low52,business_days
1999-12-31,14.472232818603516,14.472232818603516,1999-12-31,14.472232818603516,1999-12-31,true,true,0
2000-01-03,14.688238143920898,14.688238143920898,2000-01-03,14.472232818603516,1999-12-31,true,false,1
2000-01-04,14.74223804473877,14.74223804473877,2000-01-04,14.472232818603516,1999-12-31,true,false,2
2000-01-05,14.418232917785645,14.74223804473877,2000-01-04,14.418232917785645,2000-01-05,false,true,3
2000-01-06,14.094226837158203,14.74223804473877,2000-01-04,14.094226837158203,2000-01-06,false,true,4
2000-01-07,15.066245079040527,15.066245079040527,2000-01-07,14.094226837158203,2000-01-06,true,false,5
2000-01-10,14.634235382080078,15.066245079040527,2000-01-07,14.094226837158203,2000-01-06,false,false,6
2000-01-11,14.040227890014648,15.066245079040527,2000-01-07,14.040227890014648,2000-01-11,false,true,7
2000-01-12,13.608221054077148,15.066245079040527,2000-01-07,13.608221054077148,2000-01-12,false,true,8
2000-01-13,14.364232063293457,15.066245079040527,2000-01-07,13.608221054077148,2000-01-12,false,false,9
2000-01-14,14.310232162475586,15.066245079040527,2000-01-07,13.608221054077148,2000-01-12,false,false,10
2000-01-18,13.87822437286377,15.066245079040527,2000-01-07,13.608221054077148,2000-01-12,false,false,11
2000-01-19,13.014209747314453,15.066245079040527,2000-01-07,13.014209747314453,2000-01-19,false,true,12
2000-01-20,13.392217636108398,15.066245079040527,2000-01-07,13.014209747314453,2000-01-19,false,false,13
2000-01-21,12.960208892822266,15.066245079040527,2000-01-07,12.960208892822266,2000-01-21,false,true,14
2000-01-24,12.528203010559082,15.066245079040527,2000-01-07,12.528203010559082,2000-01-24,false,true,15
2000-01-25,12.852208137512207,15.066245079040527,2000-01-07,12.528203010559082,2000-01-24,false,false,16
2000-01-26,12.960208892822266,15.066245079040527,2000-01-07,12.528203010559082,2000-01-24,false,false,17
2000-01-27,12.852208137512207,15.066245079040527,2000-01-07,12.528203010559082,2000-01-24,false,false,18
2000-01-28,13.06821060180664,15.066245079040527,2000-01-07,12.528203010559082,2000-01-24,false,false,19
2000-01-31,13.122213363647461,15.066245079040527,2000-01-07,12.528203010559082,2000-01-24,false,false,20
2000-02-01,13.122213363647461,15.066245079040527,2000-01-07,12.528203010559082,2000-01-24,false,false,21
2000-02-02,13.284214973449707,15.066245079040527,2000-01-07,12.528203010559082,2000-01-24,false,false,22
2000-02-03,13.23021411895752,15.066245079040527,2000-01-07,12.528203010559082,2000-01-24,false,false,23
2000-02-04,13.122213363647461,15.066245079040527,2000-01-07,12.528203010559082,2000-01-24,false,false,24
2000-02-07,13.176213264465332,15.066245079040527,2000-01-07,12.528203010559082,2000-01-24,false,false,25
2000-02-08,12.960208892822266,15.066245079040527,2000-01-07,12.528203010559082,2000-01-24,false,false,26
2000-02-09,12.528203010559082,15.066245079040527,2000-01-07,12.528203010559082,2000-02-09,false,true,27
2000-02-10,11.772191047668457,15.066245079040527,2000-01-07,11.772191047668457,2000-02-10,false,true,28
2000-02-11,10.692172050476074,15.066245079040527,2000-01-07,10.692172050476074,2000-02-11,false,true,29
2000-02-14,11.12417984008789,15.066245079040527,2000-01-07,10.692172050476074,2000-02-11,false,false,30
2000-02-15,11.664189338684082,15.066245079040527,2000-01-07,10.692172050476074,2000-02-11,false,false,31
2000-02-16,12.42020034790039,15.066245079040527,2000-01-07,10.692172050476074,2000-02-11,false,false,32
2000-02-17,12.973709106445312,15.066245079040527,2000-01-07,10.692172050476074,2000-02-11,false,false,33
2000-02-18,12.096195220947266,15.066245079040527,2000-01-07,10.692172050476074,2000-02-11,false,false,34
2000-02-22,11.610188484191895,15.066245079040527,2000-01-07,10.692172050476074,2000-02-11,false,false,35
2000-02-23,11.664189338684082,15.066245079040527,2000-01-07,10.692172050476074,2000-02-11,false,false,36
2000-02-24,11.880191802978516,15.066245079040527,2000-01-07,10.692172050476074,2000-02-11,false,false,37
2000-02-25,12.960208892822266,15.066245079040527,2000-01-07,10.692172050476074,2000-02-11,false,false,38
2000-02-28,12.312199592590332,15.066245079040527,2000-01-07,10.692172050476074,2000-02-11,false,false,39
2000-02-29,11.880191802978516,15.066245079040527,2000-01-07,10.692172050476074,2000-02-11,false,false,40
2000-03-01,12.36620044708252,15.066245079040527,2000-01-07,10.692172050476074,2000-02-11,false,false,41
2000-03-02,12.312199592590332,15.066245079040527,2000-01-07,10.692172050476074,2000-02-11,false,false,42
2000-03-03,11.880191802978516,15.066245079040527,2000-01-07,10.692172050476074,2000-02-11,false,false,43
2000-03-06,11.772191047668457,15.066245079040527,2000-01-07,10.692172050476074,2000-02-11,false,false,44
2000-03-07,11.93419361114502,15.066245079040527,2000-01-07,10.692172050476074,2000-02-11,false,false,45
2000-03-08,12.312199592590332,15.066245079040527,2000-01-07,10.692172050476074,2000-02-11,false,false,46
2000-03-09,12.528203010559082,15.066245079040527,2000-01-07,10.692172050476074,2000-02-11,false,false,47
2000-03-10,12.528203010559082,15.066245079040527,2000-01-07,10.692172050476074,2000-02-11,false,false,48
2000-03-13,12.20419692993164,15.066245079040527,2000-01-07,10.692172050476074,2000-02-11,false,false,49
2000-03-14,12.042195320129395,15.066245079040527,2000-01-07,10.692172050476074,2000-02-11,false,false,50
2000-03-15,11.93419361114502,15.066245079040527,2000-01-07,10.692172050476074,2000-02-11,false,false,51
2000-03-16,12.528203010559082,15.066245079040527,2000-01-07,10.692172050476074,2000-02-11,false,false,52
2000-03-17,12.528203010559082,15.066245079040527,2000-01-07,10.692172050476074,2000-02-11,false,false,53
2000-03-20,12.474201202392578,15.066245079040527,2000-01-07,10.692172050476074,2000-02-11,false,false,54
2000-03-21,12.79820728302002,15.066245079040527,2000-01-07,10.692172050476074,2000-02-11,false,false,55
2000-03-22,12.690204620361328,15.066245079040527,2000-01-07,10.692172050476074,2000-02-11,false,false,56
2000-03-23,12.42020034790039,15.066245079040527,2000-01-07,10.692172050476074,2000-02-11,false,false,57
2000-03-24,12.582202911376953,15.066245079040527,2000-01-07,10.692172050476074,2000-02-11,false,false,58
2000-03-27,12.20419692993164,15.066245079040527,2000-01-07,10.692172050476074,2000-02-11,false,false,59
2000-03-28,12.63620376586914,15.066245079040527,2000-01-07,10.692172050476074,2000-02-11,false,false,60
2000-03-29,13.06821060180664,15.066245079040527,2000-01-07,10.692172050476074,2000-02-11,false,false,61
2000-03-30,13.338215827941895,15.066245079040527,2000-01-07,10.692172050476074,2000-02-11,false,false,62
2000-03-31,13.662221908569336,15.066245079040527,2000-01-07,10.692172050476074,2000-02-11,false,false,63
2000-04-03,13.824224472045898,15.066245079040527,2000-01-07,10.692172050476074,2000-02-11,false,false,64
2000-04-04,13.824224472045898,15.066245079040527,2000-01-07,10.692172050476074,2000-02-11,false,false,65
2000-04-05,14.202229499816895,15.066245079040527,2000-01-07,10.692172050476074,2000-02-11,false,false,66
2000-04-06,13.446218490600586,15.066245079040527,2000-01-07,10.692172050476074,2000-02-11,false,false,67
2000-04-07,13.824224472045898,15.066245079040527,2000-01-07,10.692172050476074,2000-02-11,false,false,68
2000-04-10,13.608221054077148,15.066245079040527,2000-01-07,10.692172050476074,2000-02-11,false,false,69
2000-04-11,13.554220199584961,15.066245079040527,2000-01-07,10.692172050476074,2000-02-11,false,false,70
2000-04-12,13.392217636108398,15.066245079040527,2000-01-07,10.692172050476074,2000-02-11,false,false,71
2000-04-13,13.446218490600586,15.066245079040527,2000-01-07,10.692172050476074,2000-02-11,false,false,72
2000-04-14,13.176213264465332,15.066245079040527,2000-01-07,10.692172050476074,2000-02-11,false,false,73
2000-04-17,13.23021411895752,15.066245079040527,2000-01-07,10.692172050476074,2000-02-11,false,false,74
2000-04-18,13.986227989196777,15.066245079040527,2000-01-07,10.692172050476074,2000-02-11,false,false,75
2000-04-19,14.256229400634766,15.066245079040527,2000-01-07,10.692172050476074,2000-02-11,false,false,76
2000-04-20,14.472232818603516,15.066245079040527,2000-01-07,10.692172050476074,2000-02-11,false,false,77
2000-04-24,13.824224472045898,15.066245079040527,2000-01-07,10.692172050476074,2000-02-11,false,false,78
2000-04-25,14.364232063293457,15.066245079040527,2000-01-07,10.692172050476074,2000-02-11,false,false,79
2000-04-26,14.148228645324707,15.066245079040527,2000-01-07,10.692172050476074,2000-02-11,false,false,80
2000-04-27,14.364232063293457,15.066245079040527,2000-01-07,10.692172050476074,2000-02-11,false,false,81
2000-04-28,14.148228645324707,15.066245079040527,2000-01-07,10.692172050476074,2000-02-11,false,false,82
2000-05-01,14.202229499816895,15.066245079040527,2000-01-07,10.692172050476074,2000-02-11,false,false,83
2000-05-02,14.040227890014648,15.066245079040527,2000-01-07,10.692172050476074,2000-02-11,false,false,84
2000-05-03,13.824224472045898,15.066245079040527,2000-01-07,10.692172050476074,2000-02-11,false,false,85
2000-05-04,13.824224472045898,15.066245079040527,2000-01-07,10.692172050476074,2000-02-11,false,false,86
2000-05-05,13.716222763061523,15.066245079040527,2000-01-07,10.692172050476074,2000-02-11,false,false,87
2000-05-08,13.932226181030273,15.066245079040527,2000-01-07,10.692172050476074,2000-02-11,false,false,88
2000-05-09,13.554220199584961,15.066245079040527,2000-01-07,10.692172050476074,2000-02-11,false,false,89
2000-05-10,13.23021411895752,15.066245079040527,2000-01-07,10.692172050476074,2000-02-11,false,false,90
2000-05-11,13.770223617553711,15.066245079040527,2000-01-07,10.692172050476074,2000-02-11,false,false,91
2000-05-12,13.608221054077148,15.066245079040527,2000-01-07,10.692172050476074,2000-02-11,false,false,92
2000-05-15,13.554220199584961,15.066245079040527,2000-01-07,10.692172050476074,2000-02-11,false,false,93
2000-05-16,14.040227890014648,15.066245079040527,2000-01-07,10.692172050476074,2000-02-11,false,false,94
2000-05-17,13.284214973449707,15.066245079040527,2000-01-07,10.692172050476074,2000-02-11,false,false,95
2000-05-18,13.23021411895752,15.066245079040527,2000-01-07,10.692172050476074,2000-02-11,false,false,96
2000-05-19,13.338215827941895,15.066245079040527,2000-01-07,10.692172050476074,2000-02-11,false,false,97
2000-05-22,12.79820728302002,15.066245079040527,2000-01-07,10.692172050476074,2000-02-11,false,false,98
2000-05-23,13.392217636108398,15.066245079040527,2000-01-07,10.692172050476074,2000-02-11,false,false,99
2000-05-24,13.662221908569336,15.066245079040527,2000-01-07,10.692172050476074,2000-02-11,false,false,100
2000-05-25,13.446218490600586,15.066245079040527,2000-01-07,10.692172050476074,2000-02-11,false,false,101
2000-05-26,12.79820728302002,15.066245079040527,2000-01-07,10.692172050476074,2000-02-11,false,false,102
2000-05-30,13.608221054077148,15.066245079040527,2000-01-07,10.692172050476074,2000-02-11,false,false,103
2000-05-31,13.500218391418457,15.066245079040527,2000-01-07,10.692172050476074,2000-02-11,false,false,104
2000-06-01,13.824224472045898,15.066245079040527,2000-01-07,10.692172050476074,2000-02-11,false,false,105
2000-06-02,14.850239753723145,15.066245079040527,2000-01-07,10.692172050476074,2000-02-11,false,false,106
2000-06-05,14.688238143920898,15.066245079040527,2000-01-07,10.692172050476074,2000-02-11,false,false,107
2000-06-06,14.580236434936523,15.066245079040527,2000-01-07,10.692172050476074,2000-02-11,false,false,108
2000-06-07,14.040227890014648,15.066245079040527,2000-01-07,10.692172050476074,2000-02-11,false,false,109
2000-06-08,13.932226181030273,15.066245079040527,2000-01-07,10.692172050476074,2000-02-11,false,false,110
2000-06-09,15.498250961303711,15.498250961303711,2000-06-09,10.692172050476074,2000-02-11,true,false,111
2000-06-12,15.174246788024902,15.498250961303711,2000-06-09,10.692172050476074,2000-02-11,false,false,112
2000-06-13,15.012242317199707,15.498250961303711,2000-06-09,10.692172050476074,2000-02-11,false,false,113
2000-06-14,15.498250961303711,15.498250961303711,2000-06-14,10.692172050476074,2000-02-11,true,false,114
2000-06-15,14.95824146270752,15.498250961303711,2000-06-14,10.692172050476074,2000-02-11,false,false,115
2000-06-16,14.256229400634766,15.498250961303711,2000-06-14,10.692172050476074,2000-02-11,false,false,116
2000-06-19,14.256229400634766,15.498250961303711,2000-06-14,10.692172050476074,2000-02-11,false,false,117
2000-06-20,14.148228645324707,15.498250961303711,2000-06-14,10.692172050476074,2000-02-11,false,false,118
2000-06-21,14.202229499816895,15.498250961303711,2000-06-14,10.692172050476074,2000-02-11,false,false,119
2000-06-22,13.716222763061523,15.498250961303711,2000-06-14,10.692172050476074,2000-02-11,false,false,120
2000-06-23,13.608221054077148,15.498250961303711,2000-06-14,10.692172050476074,2000-02-11,false,false,121
2000-06-26,13.932226181030273,15.498250961303711,2000-06-14,10.692172050476074,2000-02-11,false,false,122
2000-06-27,14.472232818603516,15.498250961303711,2000-06-14,10.692172050476074,2000-02-11,false,false,123
2000-06-28,14.904241561889648,15.498250961303711,2000-06-14,10.692172050476074,2000-02-11,false,false,124
2000-06-29,15.60625171661377,15.60625171661377,2000-06-29,10.692172050476074,2000-02-11,true,false,125
2000-06-30,15.930258750915527,15.930258750915527,2000-06-30,10.692172050476074,2000-02-11,true,false,126
2000-07-03,15.87625789642334,15.930258750915527,2000-06-30,10.692172050476074,2000-02-11,false,false,127
2000-07-05,15.714253425598145,15.930258750915527,2000-06-30,10.692172050476074,2000-02-11,false,false,128
2000-07-06,16.254262924194336,16.254262924194336,2000-07-06,10.692172050476074,2000-02-11,true,false,129
2000-07-07,15.87625789642334,16.254262924194336,2000-07-06,10.692172050476074,2000-02-11,false,false,130
2000-07-10,15.822257041931152,16.254262924194336,2000-07-06,10.692172050476074,2000-02-11,false,false,131
2000-07-11,15.714253425598145,16.254262924194336,2000-07-06,10.692172050476074,2000-02-11,false,false,132
2000-07-12,15.336247444152832,16.254262924194336,2000-07-06,10.692172050476074,2000-02-11,false,false,133
2000-07-13,15.012242317199707,16.254262924194336,2000-07-06,10.692172050476074,2000-02-11,false,false,134
2000-07-14,15.012242317199707,16.254262924194336,2000-07-06,10.692172050476074,2000-02-11,false,false,135
2000-07-17,14.688238143920898,16.254262924194336,2000-07-06,10.692172050476074,2000-02-11,false,false,136
2000-07-18,14.634235382080078,16.254262924194336,2000-07-06,10.692172050476074,2000-02-11,false,false,137
2000-07-19,14.472232818603516,16.254262924194336,2000-07-06,10.692172050476074,2000-02-11,false,false,138
2000-07-20,14.526235580444336,16.254262924194336,2000-07-06,10.692172050476074,2000-02-11,false,false,139
2000-07-21,14.688238143920898,16.254262924194336,2000-07-06,10.692172050476074,2000-02-11,false,false,140
2000-07-24,14.418232917785645,16.254262924194336,2000-07-06,10.692172050476074,2000-02-11,false,false,141
2000-07-25,14.688238143920898,16.254262924194336,2000-07-06,10.692172050476074,2000-02-11,false,false,142
2000-07-26,15.120245933532715,16.254262924194336,2000-07-06,10.692172050476074,2000-02-11,false,false,143
2000-07-27,14.904241561889648,16.254262924194336,2000-07-06,10.692172050476074,2000-02-11,false,false,144
2000-07-28,14.364232063293457,16.254262924194336,2000-07-06,10.692172050476074,2000-02-11,false,false,145
2000-07-31,14.310232162475586,16.254262924194336,2000-07-06,10.692172050476074,2000-02-11,false,false,146
2000-08-01,14.202229499816895,16.254262924194336,2000-07-06,10.692172050476074,2000-02-11,false,false,147
2000-08-02,14.148228645324707,16.254262924194336,2000-07-06,10.692172050476074,2000-02-11,false,false,148
2000-08-03,13.824224472045898,16.254262924194336,2000-07-06,10.692172050476074,2000-02-11,false,false,149
2000-08-04,14.202229499816895,16.254262924194336,2000-07-06,10.692172050476074,2000-02-11,false,false,150
2000-08-07,13.824224472045898,16.254262924194336,2000-07-06,10.692172050476074,2000-02-11,false,false,151
2000-08-08,13.662221908569336,16.254262924194336,2000-07-06,10.692172050476074,2000-02-11,false,false,152
2000-08-09,14.202229499816895,16.254262924194336,2000-07-06,10.692172050476074,2000-02-11,false,false,153
2000-08-10,14.904241561889648,16.254262924194336,2000-07-06,10.692172050476074,2000-02-11,false,false,154
2000-08-11,14.904241561889648,16.254262924194336,2000-07-06,10.692172050476074,2000-02-11,false,false,155
2000-08-14,15.336247444152832,16.254262924194336,2000-07-06,10.692172050476074,2000-02-11,false,false,156
2000-08-15,15.120245933532715,16.254262924194336,2000-07-06,10.692172050476074,2000-02-11,false,false,157
2000-08-16,15.336247444152832,16.254262924194336,2000-07-06,10.692172050476074,2000-02-11,false,false,158
2000-08-17,15.39024829864502,16.254262924194336,2000-07-06,10.692172050476074,2000-02-11,false,false,159
2000-08-18,15.174246788024902,16.254262924194336,2000-07-06,10.692172050476074,2000-02-11,false,false,160
2000-08-21,14.634235382080078,16.254262924194336,2000-07-06,10.692172050476074,2000-02-11,false,false,161
2000-08-22,14.904241561889648,16.254262924194336,2000-07-06,10.692172050476074,2000-02-11,false,false,162
2000-08-23,14.850239753723145,16.254262924194336,2000-07-06,10.692172050476074,2000-02-11,false,false,163
2000-08-24,14.796238899230957,16.254262924194336,2000-07-06,10.692172050476074,2000-02-11,false,false,164
2000-08-25,15.120245933532715,16.254262924194336,2000-07-06,10.692172050476074,2000-02-11,false,false,165
2000-08-28,14.796238899230957,16.254262924194336,2000-07-06,10.692172050476074,2000-02-11,false,false,166
2000-08-29,14.796238899230957,16.254262924194336,2000-07-06,10.692172050476074,2000-02-11,false,false,167
2000-08-30,14.472232818603516,16.254262924194336,2000-07-06,10.692172050476074,2000-02-11,false,false,168
2000-08-31,14.580236434936523,16.254262924194336,2000-07-06,10.692172050476074,2000-02-11,false,false,169
2000-09-01,14.418232917785645,16.254262924194336,2000-07-06,10.692172050476074,2000-02-11,false,false,170
2000-09-05,14.796238899230957,16.254262924194336,2000-07-06,10.692172050476074,2000-02-11,false,false,171
2000-09-06,14.580236434936523,16.254262924194336,2000-07-06,10.692172050476074,2000-02-11,false,false,172
2000-09-07,14.202229499816895,16.254262924194336,2000-07-06,10.692172050476074,2000-02-11,false,false,173
2000-09-08,13.500218391418457,16.254262924194336,2000-07-06,10.692172050476074,2000-02-11,false,false,174
2000-09-11,13.284214973449707,16.254262924194336,2000-07-06,10.692172050476074,2000-02-11,false,false,175
2000-09-12,12.906208992004395,16.254262924194336,2000-07-06,10.692172050476074,2000-02-11,false,false,176
2000-09-13,12.690204620361328,16.254262924194336,2000-07-06,10.692172050476074,2000-02-11,false,false,177
2000-09-14,12.690204620361328,16.254262924194336,2000-07-06,10.692172050476074,2000-02-11,false,false,178
2000-09-15,11.610188484191895,16.254262924194336,2000-07-06,10.692172050476074,2000-02-11,false,false,179
2000-09-18,11.232182502746582,16.254262924194336,2000-07-06,10.692172050476074,2000-02-11,false,false,180
2000-09-19,11.50218677520752,16.254262924194336,2000-07-06,10.692172050476074,2000-02-11,false,false,181
2000-09-20,11.34018325805664,16.254262924194336,2000-07-06,10.692172050476074,2000-02-11,false,false,182
2000-09-21,11.232182502746582,16.254262924194336,2000-07-06,10.692172050476074,2000-02-11,false,false,183
2000-09-22,11.556187629699707,16.254262924194336,2000-07-06,10.692172050476074,2000-02-11,false,false,184
2000-09-25,11.556187629699707,16.254262924194336,2000-07-06,10.692172050476074,2000-02-11,false,false,185
2000-09-26,11.610188484191895,16.254262924194336,2000-07-06,10.692172050476074,2000-02-11,false,false,186
2000-09-27,11.664189338684082,16.254262924194336,2000-07-06,10.692172050476074,2000-02-11,false,false,187
2000-09-28,11.772191047668457,16.254262924194336,2000-07-06,10.692172050476074,2000-02-11,false,false,188
2000-09-29,11.28618335723877,16.254262924194336,2000-07-06,10.692172050476074,2000-02-11,false,false,189
2000-10-02,10.368167877197266,16.254262924194336,2000-07-06,10.368167877197266,2000-10-02,false,true,190
2000-10-03,9.99016284942627,16.254262924194336,2000-07-06,9.99016284942627,2000-10-03,false,true,191
2000-10-04,10.800174713134766,16.254262924194336,2000-07-06,9.99016284942627,2000-10-03,false,false,192
2000-10-05,10.746172904968262,16.254262924194336,2000-07-06,9.99016284942627,2000-10-03,false,false,193
2000-10-06,10.746172904968262,16.254262924194336,2000-07-06,9.99016284942627,2000-10-03,false,false,194
2000-10-09,10.800174713134766,16.254262924194336,2000-07-06,9.99016284942627,2000-10-03,false,false,195
2000-10-10,10.908177375793457,16.254262924194336,2000-07-06,9.99016284942627,2000-10-03,false,false,196
2000-10-11,10.5841703414917,16.254262924194336,2000-07-06,9.99016284942627,2000-10-03,false,false,197
2000-10-12,9.828158378601074,16.254262924194336,2000-07-06,9.828158378601074,2000-10-12,false,true,198
2000-10-13,10.962176322937012,16.254262924194336,2000-07-06,9.828158378601074,2000-10-12,false,false,199
2000-10-16,10.422167778015137,16.254262924194336,2000-07-06,9.828158378601074,2000-10-12,false,false,200
2000-10-17,10.476168632507324,16.254262924194336,2000-07-06,9.828158378601074,2000-10-12,false,false,201
2000-10-18,10.152165412902832,16.254262924194336,2000-07-06,9.828158378601074,2000-10-12,false,false,202
2000-10-19,10.368167877197266,16.254262924194336,2000-07-06,9.828158378601074,2000-10-12,false,false,203
2000-10-20,10.5841703414917,16.254262924194336,2000-07-06,9.828158378601074,2000-10-12,false,false,204
2000-10-23,10.314167022705078,16.254262924194336,2000-07-06,9.828158378601074,2000-10-12,false,false,205
2000-10-24,10.422167778015137,16.254262924194336,2000-07-06,9.828158378601074,2000-10-12,false,false,206
2000-10-25,10.152165412902832,16.254262924194336,2000-07-06,9.828158378601074,2000-10-12,false,false,207
2000-10-26,10.368167877197266,16.254262924194336,2000-07-06,9.828158378601074,2000-10-12,false,false,208
2000-10-27,10.422167778015137,16.254262924194336,2000-07-06,9.828158378601074,2000-10-12,false,false,209
2000-10-30,10.476168632507324,16.254262924194336,2000-07-06,9.828158378601074,2000-10-12,false,false,210
2000-10-31,10.530171394348145,16.254262924194336,2000-07-06,9.828158378601074,2000-10-12,false,false,211
2000-11-01,10.692172050476074,16.254262924194336,2000-07-06,9.828158378601074,2000-10-12,false,false,212
2000-11-02,10.854175567626953,16.254262924194336,2000-07-06,9.828158378601074,2000-10-12,false,false,213
2000-11-03,10.530171394348145,16.254262924194336,2000-07-06,9.828158378601074,2000-10-12,false,false,214
2000-11-06,10.530171394348145,16.254262924194336,2000-07-06,9.828158378601074,2000-10-12,false,false,215
2000-11-07,10.908177375793457,16.254262924194336,2000-07-06,9.828158378601074,2000-10-12,false,false,216
2000-11-08,10.800174713134766,16.254262924194336,2000-07-06,9.828158378601074,2000-10-12,false,false,217
2000-11-09,10.962176322937012,16.254262924194336,2000-07-06,9.828158378601074,2000-10-12,false,false,218
2000-11-10,11.448185920715332,16.254262924194336,2000-07-06,9.828158378601074,2000-10-12,false,false,219
2000-11-13,11.28618335723877,16.254262924194336,2000-07-06,9.828158378601074,2000-10-12,false,false,220
2000-11-14,11.448185920715332,16.254262924194336,2000-07-06,9.828158378601074,2000-10-12,false,false,221
2000-11-15,11.0161771774292,16.254262924194336,2000-07-06,9.828158378601074,2000-10-12,false,false,222
2000-11-16,10.638171195983887,16.254262924194336,2000-07-06,9.828158378601074,2000-10-12,false,false,223
2000-11-17,10.530171394348145,16.254262924194336,2000-07-06,9.828158378601074,2000-10-12,false,false,224
2000-11-20,10.26016616821289,16.254262924194336,2000-07-06,9.828158378601074,2000-10-12,false,false,225
2000-11-21,10.206164360046387,16.254262924194336,2000-07-06,9.828158378601074,2000-10-12,false,false,226
2000-11-22,9.61215591430664,16.254262924194336,2000-07-06,9.61215591430664,2000-11-22,false,true,227
2000-11-24,9.342151641845703,16.254262924194336,2000-07-06,9.342151641845703,2000-11-24,false,true,228
2000-11-27,9.450153350830078,16.254262924194336,2000-07-06,9.342151641845703,2000-11-24,false,false,229
2000-11-28,9.342151641845703,16.254262924194336,2000-07-06,9.342151641845703,2000-11-28,false,true,230
2000-11-29,9.342151641845703,16.254262924194336,2000-07-06,9.342151641845703,2000-11-29,false,true,231
2000-11-30,8.64013957977295,16.254262924194336,2000-07-06,8.64013957977295,2000-11-30,false,true,232
2000-12-01,9.018145561218262,16.254262924194336,2000-07-06,8.64013957977295,2000-11-30,false,false,233
2000-12-04,8.964144706726074,16.254262924194336,2000-07-06,8.64013957977295,2000-11-30,false,false,234
2000-12-05,9.61215591430664,16.254262924194336,2000-07-06,8.64013957977295,2000-11-30,false,false,235
2000-12-06,8.964144706726074,16.254262924194336,2000-07-06,8.64013957977295,2000-11-30,false,false,236
2000-12-07,9.342151641845703,16.254262924194336,2000-07-06,8.64013957977295,2000-11-30,false,false,237
2000-12-08,9.720158576965332,16.254262924194336,2000-07-06,8.64013957977295,2000-11-30,false,false,238
2000-12-11,9.61215591430664,16.254262924194336,2000-07-06,8.64013957977295,2000-11-30,false,false,239
2000-12-12,9.07214641571045,16.254262924194336,2000-07-06,8.64013957977295,2000-11-30,false,false,240
2000-12-13,9.07214641571045,16.254262924194336,2000-07-06,8.64013957977295,2000-11-30,false,false,241
2000-12-14,8.910143852233887,16.254262924194336,2000-07-06,8.64013957977295,2000-11-30,false,false,242
2000-12-15,8.748140335083008,16.254262924194336,2000-07-06,8.64013957977295,2000-11-30,false,false,243
2000-12-18,8.964144706726074,16.254262924194336,2000-07-06,8.64013957977295,2000-11-30,false,false,244
2000-12-19,8.8561429977417,16.254262924194336,2000-07-06,8.64013957977295,2000-11-30,false,false,245
2000-12-20,8.802142143249512,16.254262924194336,2000-07-06,8.64013957977295,2000-11-30,false,false,246
2000-12-21,8.964144706726074,16.254262924194336,2000-07-06,8.64013957977295,2000-11-30,false,false,247
2000-12-22,8.69413948059082,16.254262924194336,2000-07-06,8.64013957977295,2000-11-30,false,false,248
2000-12-26,8.53213882446289,16.254262924194336,2000-07-06,8.53213882446289,2000-12-26,false,true,249
2000-12-27,8.753751754760742,16.254262924194336,2000-07-06,8.53213882446289,2000-12-26,false,false,250
2000-12-28,8.919961929321289,16.254262924194336,2000-07-06,8.53213882446289,2000-12-26,false,false,251
2000-12-29,9.086174011230469,16.254262924194336,2000-07-06,8.53213882446289,2000-12-26,false,false,252
2001-01-02,9.030770301818848,16.254262924194336,2000-07-06,8.53213882446289,2000-12-26,false,false,251
2001-01-03,9.30778694152832,16.254262924194336,2000-07-06,8.53213882446289,2000-12-26,false,false,251
2001-01-04,9.196980476379395,16.254262924194336,2000-07-06,8.53213882446289,2000-12-26,false,false,251
2001-01-05,9.2523832321167,16.254262924194336,2000-07-06,8.53213882446289,2000-12-26,false,false,251
2001-01-08,9.2523832321167,16.254262924194336,2000-07-06,8.53213882446289,2000-12-26,false,false,251
2001-01-09,9.030770301818848,16.254262924194336,2000-07-06,8.53213882446289,2000-12-26,false,false,251
2001-01-10,8.53213882446289,16.254262924194336,2000-07-06,8.53213882446289,2001-01-10,false,true,251
2001-01-11,8.587542533874512,16.254262924194336,2000-07-06,8.53213882446289,2001-01-10,false,false,251
2001-01-12,8.587542533874512,16.254262924194336,2000-07-06,8.53213882446289,2001-01-10,false,false,251
2001-01-16,8.255120277404785,16.254262924194336,2000-07-06,8.255120277404785,2001-01-16,false,true,251
2001-01-17,8.587542533874512,16.254262924194336,2000-07-06,8.255120277404785,2001-01-16,false,false,251
2001-01-18,8.476734161376953,16.254262924194336,2000-07-06,8.255120277404785,2001-01-16,false,false,251
2001-01-19,8.753751754760742,16.254262924194336,2000-07-06,8.255120277404785,2001-01-16,false,false,251
2001-01-22,8.809155464172363,16.254262924194336,2000-07-06,8.255120277404785,2001-01-16,false,false,251
2001-01-23,9.030770301818848,16.254262924194336,2000-07-06,8.255120277404785,2001-01-16,false,false,251
2001-01-24,9.086174011230469,16.254262924194336,2000-07-06,8.255120277404785,2001-01-16,false,false,251
2001-01-25,9.030770301818848,16.254262924194336,2000-07-06,8.255120277404785,2001-01-16,false,false,251
2001-01-26,8.698348999023438,16.254262924194336,2000-07-06,8.255120277404785,2001-01-16,false,false,251
2001-01-29,9.006392478942871,16.254262924194336,2000-07-06,8.255120277404785,2001-01-16,false,false,251
2001-01-30,9.086174011230469,16.254262924194336,2000-07-06,8.255120277404785,2001-01-16,false,false,251
2001-01-31,9.688962936401367,16.254262924194336,2000-07-06,8.255120277404785,2001-01-16,false,false,251
2001-02-01,9.263463973999023,16.254262924194336,2000-07-06,8.255120277404785,2001-01-16,false,false,251
2001-02-02,9.493942260742188,16.254262924194336,2000-07-06,8.255120277404785,2001-01-16,false,false,251
2001-02-05,9.165953636169434,16.254262924194336,2000-07-06,8.255120277404785,2001-01-16,false,false,251
2001-02-06,9.352110862731934,16.254262924194336,2000-07-06,8.255120277404785,2001-01-16,false,false,251
2001-02-07,9.263463973999023,16.254262924194336,2000-07-06,8.255120277404785,2001-01-16,false,false,251
2001-02-08,9.493942260742188,16.254262924194336,2000-07-06,8.255120277404785,2001-01-16,false,false,251
2001-02-09,9.5382661819458,16.254262924194336,2000-07-06,8.255120277404785,2001-01-16,false,false,251
2001-02-12,9.83966064453125,16.254262924194336,2000-07-06,8.255120277404785,2001-01-16,false,false,251
2001-02-13,9.972628593444824,16.254262924194336,2000-07-06,8.255120277404785,2001-01-16,false,false,251
2001-02-14,10.008087158203125,16.254262924194336,2000-07-06,8.255120277404785,2001-01-16,false,false,251
2001-02-15,10.025816917419434,16.254262924194336,2000-07-06,8.255120277404785,2001-01-16,false,false,251
2001-02-16,9.901712417602539,16.254262924194336,2000-07-06,8.255120277404785,2001-01-16,false,false,251
2001-02-20,9.928305625915527,16.254262924194336,2000-07-06,8.255120277404785,2001-01-16,false,false,251
2001-02-21,9.813067436218262,16.254262924194336,2000-07-06,8.255120277404785,2001-01-16,false,false,251
2001-02-22,9.618046760559082,16.254262924194336,2000-07-06,8.255120277404785,2001-01-16,false,false,251
2001-02-23,9.618046760559082,16.254262924194336,2000-07-06,8.255120277404785,2001-01-16,false,false,251
2001-02-26,9.529400825500488,16.254262924194336,2000-07-06,8.255120277404785,2001-01-16,false,false,251
2001-02-27,9.228006362915039,16.254262924194336,2000-07-06,8.255120277404785,2001-01-16,false,false,251
2001-02-28,9.662369728088379,16.254262924194336,2000-07-06,8.255120277404785,2001-01-16,false,false,251
2001-03-01,9.74215030670166,16.254262924194336,2000-07-06,8.255120277404785,2001-01-16,false,false,251
2001-03-02,9.39643383026123,16.254262924194336,2000-07-06,8.255120277404785,2001-01-16,false,false,251
2001-03-05,9.148224830627441,16.254262924194336,2000-07-06,8.255120277404785,2001-01-16,false,false,251
2001-03-06,9.316652297973633,16.254262924194336,2000-07-06,8.255120277404785,2001-01-16,false,false,251
2001-03-07,9.041851043701172,16.254262924194336,2000-07-06,8.255120277404785,2001-01-16,false,false,251
2001-03-08,9.281193733215332,16.254262924194336,2000-07-06,8.255120277404785,2001-01-16,false,false,251
2001-03-09,9.041851043701172,16.254262924194336,2000-07-06,8.255120277404785,2001-01-16,false,false,251
2001-03-12,8.554299354553223,16.254262924194336,2000-07-06,8.255120277404785,2001-01-16,false,false,251
2001-03-13,8.625216484069824,16.254262924194336,2000-07-06,8.255120277404785,2001-01-16,false,false,251
2001-03-14,8.59862232208252,16.254262924194336,2000-07-06,8.255120277404785,2001-01-16,false,false,251
2001-03-15,8.687268257141113,16.254262924194336,2000-07-06,8.255120277404785,2001-01-16,false,false,251
2001-03-16,8.066749572753906,16.254262924194336,2000-07-06,8.066749572753906,2001-03-16,false,true,251
2001-03-19,8.066749572753906,16.254262924194336,2000-07-06,8.066749572753906,2001-03-19,false,true,251
2001-03-20,7.82740592956543,16.254262924194336,2000-07-06,7.82740592956543,2001-03-20,false,true,251
2001-03-21,7.82740592956543,16.254262924194336,2000-07-06,7.82740592956543,2001-03-21,false,true,251
2001-03-22,7.171428680419922,16.254262924194336,2000-07-06,7.171428680419922,2001-03-22,false,true,251
2001-03-23,7.286667823791504,16.254262924194336,2000-07-06,7.171428680419922,2001-03-22,false,false,251
2001-03-26,7.410771369934082,16.254262924194336,2000-07-06,7.171428680419922,2001-03-22,false,false,251
2001-03-27,7.437365531921387,16.254262924194336,2000-07-06,7.171428680419922,2001-03-22,false,false,251
2001-03-28,7.4905524253845215,16.254262924194336,2000-07-06,7.171428680419922,2001-03-22,false,false,251
2001-03-29,7.357583999633789,16.254262924194336,2000-07-06,7.171428680419922,2001-03-22,false,false,251
2001-03-30,7.2068867683410645,16.254262924194336,2000-07-06,7.171428680419922,2001-03-22,false,false,251
2001-04-02,7.003001689910889,16.254262924194336,2000-07-06,7.003001689910889,2001-04-02,false,true,251
2001-04-03,6.781388282775879,16.254262924194336,2000-07-06,6.781388282775879,2001-04-03,false,true,251
2001-04-04,6.728200912475586,16.254262924194336,2000-07-06,6.728200912475586,2001-04-04,false,true,251
2001-04-05,7.260073661804199,16.254262924194336,2000-07-06,6.728200912475586,2001-04-04,false,false,251
2001-04-06,7.162563800811768,16.254262924194336,2000-07-06,6.728200912475586,2001-04-04,false,false,251
2001-04-09,7.162563800811768,16.254262924194336,2000-07-06,6.728200912475586,2001-04-04,false,false,251
2001-04-10,7.3221259117126465,16.254262924194336,2000-07-06,6.728200912475586,2001-04-04,false,false,251
2001-04-11,7.7121663093566895,16.254262924194336,2000-07-06,6.728200912475586,2001-04-04,false,false,251
2001-04-12,7.738759994506836,16.254262924194336,2000-07-06,6.728200912475586,2001-04-04,false,false,251
2001-04-16,7.508281707763672,16.254262924194336,2000-07-06,6.728200912475586,2001-04-04,false,false,250
2001-04-17,7.685573577880859,16.254262924194336,2000-07-06,6.728200912475586,2001-04-04,false,false,250
2001-04-18,8.509977340698242,16.254262924194336,2000-07-06,6.728200912475586,2001-04-04,false,false,250
2001-04-19,8.368144035339355,16.254262924194336,2000-07-06,6.728200912475586,2001-04-04,false,false,250
2001-04-20,8.43906021118164,16.254262924194336,2000-07-06,6.728200912475586,2001-04-04,false,false,250
2001-04-23,8.642946243286133,16.254262924194336,2000-07-06,6.728200912475586,2001-04-04,false,false,251
2001-04-24,8.59862232208252,16.254262924194336,2000-07-06,6.728200912475586,2001-04-04,false,false,251
2001-04-25,8.687268257141113,16.254262924194336,2000-07-06,6.728200912475586,2001-04-04,false,false,251
2001-04-26,8.403602600097656,16.254262924194336,2000-07-06,6.728200912475586,2001-04-04,false,false,251
2001-04-27,8.155394554138184,16.254262924194336,2000-07-06,6.728200912475586,2001-04-04,false,false,251
2001-04-30,8.35927963256836,16.254262924194336,2000-07-06,6.728200912475586,2001-04-04,false,false,251
2001-05-01,8.43906021118164,16.254262924194336,2000-07-06,6.728200912475586,2001-04-04,false,false,251
2001-05-02,8.430195808410645,16.254262924194336,2000-07-06,6.728200912475586,2001-04-04,false,false,251
2001-05-03,8.572029113769531,16.254262924194336,2000-07-06,6.728200912475586,2001-04-04,false,false,251
2001-05-04,8.704997062683105,16.254262924194336,2000-07-06,6.728200912475586,2001-04-04,false,false,251
2001-05-07,8.864559173583984,16.254262924194336,2000-07-06,6.728200912475586,2001-04-04,false,false,251
2001-05-08,8.651809692382812,16.254262924194336,2000-07-06,6.728200912475586,2001-04-04,false,false,251
2001-05-09,8.509977340698242,16.254262924194336,2000-07-06,6.728200912475586,2001-04-04,false,false,251
2001-05-10,8.678404808044434,16.254262924194336,2000-07-06,6.728200912475586,2001-04-04,false,false,251
2001-05-11,8.660675048828125,16.254262924194336,2000-07-06,6.728200912475586,2001-04-04,false,false,251
2001-05-14,8.527705192565918,16.254262924194336,2000-07-06,6.728200912475586,2001-04-04,false,false,251
2001-05-15,8.625216484069824,16.254262924194336,2000-07-06,6.728200912475586,2001-04-04,false,false,251
2001-05-16,8.501112937927246,16.254262924194336,2000-07-06,6.728200912475586,2001-04-04,false,false,251
2001-05-17,8.536571502685547,16.254262924194336,2000-07-06,6.728200912475586,2001-04-04,false,false,251
2001-05-18,8.642946243286133,16.254262924194336,2000-07-06,6.728200912475586,2001-04-04,false,false,251
2001-05-21,8.749320030212402,16.254262924194336,2000-07-06,6.728200912475586,2001-04-04,false,false,251
2001-05-22,8.687268257141113,16.254262924194336,2000-07-06,6.728200912475586,2001-04-04,false,false,251
2001-05-23,8.74045467376709,16.254262924194336,2000-07-06,6.728200912475586,2001-04-04,false,false,251
2001-05-24,8.83796501159668,16.254262924194336,2000-07-06,6.728200912475586,2001-04-04,false,false,251
2001-05-25,9.272329330444336,16.254262924194336,2000-07-06,6.728200912475586,2001-04-04,false,false,251
2001-05-29,9.378704071044922,16.254262924194336,2000-07-06,6.728200912475586,2001-04-04,false,false,251
2001-05-30,9.201411247253418,16.254262924194336,2000-07-06,6.728200912475586,2001-04-04,false,false,251
2001-05-31,9.352110862731934,16.254262924194336,2000-07-06,6.728200912475586,2001-04-04,false,false,251
2001-06-01,9.405298233032227,16.254262924194336,2000-07-06,6.728200912475586,2001-04-04,false,false,251
2001-06-04,9.51167106628418,16.254262924194336,2000-07-06,6.728200912475586,2001-04-04,false,false,251
2001-06-05,9.45848560333252,16.254262924194336,2000-07-06,6.728200912475586,2001-04-04,false,false,251
2001-06-06,9.440756797790527,16.254262924194336,2000-07-06,6.728200912475586,2001-04-04,false,false,251
2001-06-07,9.228006362915039,16.254262924194336,2000-07-06,6.728200912475586,2001-04-04,false,false,251
2001-06-08,9.201411247253418,16.254262924194336,2000-07-06,6.728200912475586,2001-04-04,false,false,251
2001-06-11,8.908881187438965,16.254262924194336,2000-07-06,6.728200912475586,2001-04-04,false,false,251
2001-06-12,8.908881187438965,16.254262924194336,2000-07-06,6.728200912475586,2001-04-04,false,false,251
2001-06-13,8.882287979125977,16.254262924194336,2000-07-06,6.728200912475586,2001-04-04,false,false,251
2001-06-14,8.997528076171875,16.254262924194336,2000-07-06,6.728200912475586,2001-04-04,false,false,251
2001-06-15,8.917747497558594,16.254262924194336,2000-07-06,6.728200912475586,2001-04-04,false,false,251
2001-06-18,8.59862232208252,16.254262924194336,2000-07-06,6.728200912475586,2001-04-04,false,false,251
2001-06-19,8.607486724853516,16.254262924194336,2000-07-06,6.728200912475586,2001-04-04,false,false,251
2001-06-20,8.447925567626953,16.254262924194336,2000-07-06,6.728200912475586,2001-04-04,false,false,251
2001-06-21,8.217446327209473,16.254262924194336,2000-07-06,6.728200912475586,2001-04-04,false,false,251
2001-06-22,8.235176086425781,16.254262924194336,2000-07-06,6.728200912475586,2001-04-04,false,false,251
2001-06-25,8.368144035339355,16.254262924194336,2000-07-06,6.728200912475586,2001-04-04,false,false,251
2001-06-26,8.368144035339355,16.254262924194336,2000-07-06,6.728200912475586,2001-04-04,false,false,251
2001-06-27,8.350415229797363,16.254262924194336,2000-07-06,6.728200912475586,2001-04-04,false,false,251
2001-06-28,8.30609130859375,16.254262924194336,2000-07-06,6.728200912475586,2001-04-04,false,false,251
2001-06-29,8.421331405639648,16.254262924194336,2000-07-06,6.728200912475586,2001-04-04,false,false,251
2001-07-02,8.465653419494629,16.254262924194336,2000-07-06,6.728200912475586,2001-04-04,false,false,251
2001-07-03,8.554299354553223,16.254262924194336,2000-07-06,6.728200912475586,2001-04-04,false,false,251
2001-07-05,8.536571502685547,16.254262924194336,2000-07-06,6.728200912475586,2001-04-04,false,false,251
2001-07-06,8.377007484436035,16.254262924194336,2000-07-06,6.728200912475586,2001-04-04,false,false,251
2001-07-09,8.430195808410645,15.822257041931152,2000-07-10,6.728200912475586,2001-04-04,false,false,251
2001-07-10,8.377007484436035,15.822257041931152,2000-07-10,6.728200912475586,2001-04-04,false,false,251
2001-07-11,8.199716567993164,15.39024829864502,2000-08-17,6.728200912475586,2001-04-04,false,false,251
2001-07-12,8.350415229797363,15.39024829864502,2000-08-17,6.728200912475586,2001-04-04,false,false,251
2001-07-13,8.244040489196777,15.39024829864502,2000-08-17,6.728200912475586,2001-04-04,false,false,251
2001-07-16,8.199716567993164,15.39024829864502,2000-08-17,6.728200912475586,2001-04-04,false,false,251
2001-07-17,8.164258003234863,15.39024829864502,2000-08-17,6.728200912475586,2001-04-04,false,false,251
2001-07-18,8.226310729980469,15.39024829864502,2000-08-17,6.728200912475586,2001-04-04,false,false,251
2001-07-19,8.288363456726074,15.39024829864502,2000-08-17,6.728200912475586,2001-04-04,false,false,251
2001-07-20,8.26176929473877,15.39024829864502,2000-08-17,6.728200912475586,2001-04-04,false,false,251
2001-07-23,8.164258003234863,15.39024829864502,2000-08-17,6.728200912475586,2001-04-04,false,false,251
2001-07-24,8.084477424621582,15.39024829864502,2000-08-17,6.728200912475586,2001-04-04,false,false,251
2001-07-25,8.049019813537598,15.39024829864502,2000-08-17,6.728200912475586,2001-04-04,false,false,251
2001-07-26,7.853999614715576,15.39024829864502,2000-08-17,6.728200912475586,2001-04-04,false,false,251
2001-07-27,7.836270809173584,15.39024829864502,2000-08-17,6.728200912475586,2001-04-04,false,false,251
2001-07-30,7.818542003631592,15.39024829864502,2000-08-17,6.728200912475586,2001-04-04,false,false,251
2001-07-31,7.871728420257568,15.39024829864502,2000-08-17,6.728200912475586,2001-04-04,false,false,251
2001-08-01,8.02242660522461,15.39024829864502,2000-08-17,6.728200912475586,2001-04-04,false,false,251
2001-08-02,8.049019813537598,15.39024829864502,2000-08-17,6.728200912475586,2001-04-04,false,false,251
2001-08-03,8.013561248779297,15.39024829864502,2000-08-17,6.728200912475586,2001-04-04,false,false,251
2001-08-06,7.969238758087158,15.39024829864502,2000-08-17,6.728200912475586,2001-04-04,false,false,251
2001-08-07,7.933780193328857,15.39024829864502,2000-08-17,6.728200912475586,2001-04-04,false,false,251
2001-08-08,7.960374355316162,15.39024829864502,2000-08-17,6.728200912475586,2001-04-04,false,false,251
2001-08-09,7.871728420257568,15.39024829864502,2000-08-17,6.728200912475586,2001-04-04,false,false,251
2001-08-10,8.199716567993164,15.39024829864502,2000-08-17,6.728200912475586,2001-04-04,false,false,251
2001-08-13,8.199716567993164,15.39024829864502,2000-08-17,6.728200912475586,2001-04-04,false,false,251
2001-08-14,8.474518775939941,15.39024829864502,2000-08-17,6.728200912475586,2001-04-04,false,false,251
2001-08-15,8.527705192565918,15.39024829864502,2000-08-17,6.728200912475586,2001-04-04,false,false,251
2001-08-16,8.855694770812988,15.39024829864502,2000-08-17,6.728200912475586,2001-04-04,false,false,251
2001-08-17,8.900017738342285,15.39024829864502,2000-08-17,6.728200912475586,2001-04-04,false,false,251
2001-08-20,8.988663673400879,15.120245933532715,2000-08-25,6.728200912475586,2001-04-04,false,false,251
2001-08-21,9.086174011230469,15.120245933532715,2000-08-25,6.728200912475586,2001-04-04,false,false,251
2001-08-22,9.263463973999023,15.120245933532715,2000-08-25,6.728200912475586,2001-04-04,false,false,251
2001-08-23,9.30778694152832,15.120245933532715,2000-08-25,6.728200912475586,2001-04-04,false,false,251
2001-08-24,9.316652297973633,15.120245933532715,2000-08-25,6.728200912475586,2001-04-04,false,false,251
2001-08-27,9.263463973999023,15.120245933532715,2000-08-25,6.728200912475586,2001-04-04,false,false,251
2001-08-28,8.953206062316895,14.796238899230957,2000-09-05,6.728200912475586,2001-04-04,false,false,251
2001-08-29,8.917747497558594,14.796238899230957,2000-09-05,6.728200912475586,2001-04-04,false,false,251
2001-08-30,8.83796501159668,14.796238899230957,2000-09-05,6.728200912475586,2001-04-04,false,false,251
2001-08-31,8.802507400512695,14.796238899230957,2000-09-05,6.728200912475586,2001-04-04,false,false,251
2001-09-04,9.02412223815918,14.796238899230957,2000-09-05,6.728200912475586,2001-04-04,false,false,251
2001-09-05,9.02412223815918,14.796238899230957,2000-09-05,6.728200912475586,2001-04-04,false,false,251
2001-09-06,8.83796501159668,14.202229499816895,2000-09-07,6.728200912475586,2001-04-04,false,false,251
2001-09-07,8.73159122467041,14.202229499816895,2000-09-07,6.728200912475586,2001-04-04,false,false,251
2001-09-10,8.527705192565918,13.284214973449707,2000-09-11,6.728200912475586,2001-04-04,false,false,251
2001-09-17,7.853999614715576,13.284214973449707,2000-09-11,6.728200912475586,2001-04-04,false,false,247
2001-09-18,7.738759994506836,11.772191047668457,2000-09-28,6.728200912475586,2001-04-04,false,false,247
2001-09-19,7.614656448364258,11.772191047668457,2000-09-28,6.728200912475586,2001-04-04,false,false,247
2001-09-20,7.82740592956543,11.772191047668457,2000-09-28,6.728200912475586,2001-04-04,false,false,247
2001-09-21,8.02242660522461,11.772191047668457,2000-09-28,6.728200912475586,2001-04-04,false,false,247
2001-09-24,8.332685470581055,11.772191047668457,2000-09-28,6.728200912475586,2001-04-04,false,false,247
2001-09-25,7.845134735107422,11.772191047668457,2000-09-28,6.728200912475586,2001-04-04,false,false,247
2001-09-26,7.756488800048828,11.772191047668457,2000-09-28,6.728200912475586,2001-04-04,false,false,247
2001-09-27,7.7121663093566895,11.772191047668457,2000-09-28,6.728200912475586,2001-04-04,false,false,247
2001-09-28,7.845134735107422,11.772191047668457,2000-09-28,6.728200912475586,2001-04-04,false,false,247
2001-10-01,8.137665748596191,11.448185920715332,2000-11-14,6.728200912475586,2001-04-04,false,false,247
2001-10-02,7.818542003631592,11.448185920715332,2000-11-14,6.728200912475586,2001-04-04,false,false,247
2001-10-03,7.871728420257568,11.448185920715332,2000-11-14,6.728200912475586,2001-04-04,false,false,247
2001-10-04,7.845134735107422,11.448185920715332,2000-11-14,6.728200912475586,2001-04-04,false,false,247
2001-10-05,7.907187461853027,11.448185920715332,2000-11-14,6.728200912475586,2001-04-04,false,false,247
2001-10-08,7.845134735107422,11.448185920715332,2000-11-14,6.728200912475586,2001-04-04,false,false,247
2001-10-09,8.031290054321289,11.448185920715332,2000-11-14,6.728200912475586,2001-04-04,false,false,247
2001-10-10,8.013561248779297,11.448185920715332,2000-11-14,6.728200912475586,2001-04-04,false,false,247
2001-10-11,7.986968517303467,11.448185920715332,2000-11-14,6.728200912475586,2001-04-04,false,false,247
2001-10-12,7.800812244415283,11.448185920715332,2000-11-14,6.728200912475586,2001-04-04,false,false,247
2001-10-15,7.756488800048828,11.448185920715332,2000-11-14,6.728200912475586,2001-04-04,false,false,247
2001-10-16,7.907187461853027,11.448185920715332,2000-11-14,6.728200912475586,2001-04-04,false,false,247
2001-10-17,7.800812244415283,11.448185920715332,2000-11-14,6.728200912475586,2001-04-04,false,false,247
2001-10-18,7.729896068572998,11.448185920715332,2000-11-14,6.728200912475586,2001-04-04,false,false,247
2001-10-19,7.880594253540039,11.448185920715332,2000-11-14,6.728200912475586,2001-04-04,false,false,247
2001-10-22,7.898321628570557,11.448185920715332,2000-11-14,6.728200912475586,2001-04-04,false,false,247
2001-10-23,7.916051387786865,11.448185920715332,2000-11-14,6.728200912475586,2001-04-04,false,false,247
2001-10-24,7.721030235290527,11.448185920715332,2000-11-14,6.728200912475586,2001-04-04,false,false,247
2001-10-25,7.8894572257995605,11.448185920715332,2000-11-14,6.728200912475586,2001-04-04,false,false,247
2001-10-26,7.933780193328857,11.448185920715332,2000-11-14,6.728200912475586,2001-04-04,false,false,247
2001-10-29,7.845134735107422,11.448185920715332,2000-11-14,6.728200912475586,2001-04-04,false,false,247
2001-10-30,7.641250133514404,11.448185920715332,2000-11-14,6.728200912475586,2001-04-04,false,false,247
2001-10-31,7.721030235290527,11.448185920715332,2000-11-14,6.728200912475586,2001-04-04,false,false,247
2001-11-01,7.74762487411499,11.448185920715332,2000-11-14,6.728200912475586,2001-04-04,false,false,247
2001-11-02,7.774219512939453,11.448185920715332,2000-11-14,6.728200912475586,2001-04-04,false,false,247
2001-11-05,7.924915313720703,11.448185920715332,2000-11-14,6.728200912475586,2001-04-04,false,false,247
2001-11-06,7.738759994506836,11.448185920715332,2000-11-14,6.728200912475586,2001-04-04,false,false,247
2001-11-07,7.74762487411499,11.448185920715332,2000-11-14,6.728200912475586,2001-04-04,false,false,247
2001-11-08,7.809676170349121,11.448185920715332,2000-11-14,6.728200912475586,2001-04-04,false,false,247
2001-11-09,7.641250133514404,11.448185920715332,2000-11-14,6.728200912475586,2001-04-04,false,false,247
2001-11-12,7.800812244415283,11.448185920715332,2000-11-14,6.728200912475586,2001-04-04,false,false,247
2001-11-13,7.986968517303467,11.448185920715332,2000-11-14,6.728200912475586,2001-04-04,false,false,247
2001-11-14,8.350415229797363,11.448185920715332,2000-11-14,6.728200912475586,2001-04-04,false,false,247
2001-11-15,8.59862232208252,10.638171195983887,2000-11-16,6.728200912475586,2001-04-04,false,false,247
2001-11-16,8.509977340698242,10.638171195983887,2000-11-16,6.728200912475586,2001-04-04,false,false,247
2001-11-19,8.72272777557373,10.26016616821289,2000-11-20,6.728200912475586,2001-04-04,false,false,247
2001-11-20,8.642946243286133,10.26016616821289,2000-11-20,6.728200912475586,2001-04-04,false,false,247
2001-11-21,8.465653419494629,10.025816917419434,2001-02-15,6.728200912475586,2001-04-04,false,false,247
2001-11-23,9.041851043701172,10.025816917419434,2001-02-15,6.728200912475586,2001-04-04,false,false,247
2001-11-26,9.245735168457031,10.025816917419434,2001-02-15,6.728200912475586,2001-04-04,false,false,247
2001-11-27,9.325516700744629,10.025816917419434,2001-02-15,6.728200912475586,2001-04-04,false,false,247
2001-11-28,9.006392478942871,10.025816917419434,2001-02-15,6.728200912475586,2001-04-04,false,false,247
2001-11-29,9.068443298339844,10.025816917419434,2001-02-15,6.728200912475586,2001-04-04,false,false,247
2001-11-30,8.917747497558594,10.025816917419434,2001-02-15,6.728200912475586,2001-04-04,false,false,247
2001-12-03,8.802507400512695,10.025816917419434,2001-02-15,6.728200912475586,2001-04-04,false,false,247
2001-12-04,8.74045467376709,10.025816917419434,2001-02-15,6.728200912475586,2001-04-04,false,false,247
2001-12-05,9.068443298339844,10.025816917419434,2001-02-15,6.728200912475586,2001-04-04,false,false,247
2001-12-06,8.83796501159668,10.025816917419434,2001-02-15,6.728200912475586,2001-04-04,false,false,247
2001-12-07,8.900017738342285,10.025816917419434,2001-02-15,6.728200912475586,2001-04-04,false,false,247
2001-12-10,8.651809692382812,10.025816917419434,2001-02-15,6.728200912475586,2001-04-04,false,false,247
2001-12-11,8.73159122467041,10.025816917419434,2001-02-15,6.728200912475586,2001-04-04,false,false,247
2001-12-12,8.8291015625,10.025816917419434,2001-02-15,6.728200912475586,2001-04-04,false,false,247
2001-12-13,8.554299354553223,10.025816917419434,2001-02-15,6.728200912475586,2001-04-04,false,false,247
2001-12-14,8.421331405639648,10.025816917419434,2001-02-15,6.728200912475586,2001-04-04,false,false,247
2001-12-17,8.244040489196777,10.025816917419434,2001-02-15,6.728200912475586,2001-04-04,false,false,247
2001-12-18,8.181987762451172,10.025816917419434,2001-02-15,6.728200912475586,2001-04-04,false,false,247
2001-12-19,8.137665748596191,10.025816917419434,2001-02-15,6.728200912475586,2001-04-04,false,false,247
2001-12-20,8.10220718383789,10.025816917419434,2001-02-15,6.728200912475586,2001-04-04,false,false,247
2001-12-21,8.093343734741211,10.025816917419434,2001-02-15,6.728200912475586,2001-04-04,false,false,247
2001-12-24,7.978102207183838,10.025816917419434,2001-02-15,6.728200912475586,2001-04-04,false,false,247
2001-12-26,8.342936515808105,10.025816917419434,2001-02-15,6.728200912475586,2001-04-04,false,false,247
2001-12-27,8.533995628356934,10.025816917419434,2001-02-15,6.728200912475586,2001-04-04,false,false,247
2001-12-28,8.406623840332031,10.025816917419434,2001-02-15,6.728200912475586,2001-04-04,false,false,247
2001-12-31,8.324739456176758,10.025816917419434,2001-02-15,6.728200912475586,2001-04-04,false,false,247
2002-01-02,8.643172264099121,10.025816917419434,2001-02-15,6.728200912475586,2001-04-04,false,false,247
2002-01-03,8.888821601867676,10.025816917419434,2001-02-15,6.728200912475586,2001-04-04,false,false,247
2002-01-04,9.098076820373535,10.025816917419434,2001-02-15,6.728200912475586,2001-04-04,false,false,247
2002-01-07,9.016194343566895,10.025816917419434,2001-02-15,6.728200912475586,2001-04-04,false,false,247
2002-01-08,8.870624542236328,10.025816917419434,2001-02-15,6.728200912475586,2001-04-04,false,false,247
2002-01-09,8.870624542236328,10.025816917419434,2001-02-15,6.728200912475586,2001-04-04,false,false,247
2002-01-10,8.661369323730469,10.025816917419434,2001-02-15,6.728200912475586,2001-04-04,false,false,247
2002-01-11,8.743250846862793,10.025816917419434,2001-02-15,6.728200912475586,2001-04-04,false,false,247
2002-01-14,8.652270317077637,10.025816917419434,2001-02-15,6.728200912475586,2001-04-04,false,false,247
2002-01-15,8.643172264099121,10.025816917419434,2001-02-15,6.728200912475586,2001-04-04,false,false,248
2002-01-16,8.888821601867676,10.025816917419434,2001-02-15,6.728200912475586,2001-04-04,false,false,248
2002-01-17,8.752349853515625,10.025816917419434,2001-02-15,6.728200912475586,2001-04-04,false,false,248
2002-01-18,8.70685863494873,10.025816917419434,2001-02-15,6.728200912475586,2001-04-04,false,false,248
2002-01-22,8.6886625289917,10.025816917419434,2001-02-15,6.728200912475586,2001-04-04,false,false,247
2002-01-23,8.597681999206543,10.025816917419434,2001-02-15,6.728200912475586,2001-04-04,false,false,247
2002-01-24,8.56128978729248,10.025816917419434,2001-02-15,6.728200912475586,2001-04-04,false,false,247
2002-01-25,8.652270317077637,10.025816917419434,2001-02-15,6.728200912475586,2001-04-04,false,false,247
2002-01-28,8.661369323730469,10.025816917419434,2001-02-15,6.728200912475586,2001-04-04,false,false,247
2002-01-29,8.661369323730469,10.025816917419434,2001-02-15,6.728200912475586,2001-04-04,false,false,247
2002-01-30,8.6886625289917,10.025816917419434,2001-02-15,6.728200912475586,2001-04-04,false,false,247
2002-01-31,8.515799522399902,10.025816917419434,2001-02-15,6.728200912475586,2001-04-04,false,false,247
2002-02-01,8.470308303833008,10.025816917419434,2001-02-15,6.728200912475586,2001-04-04,false,false,247
2002-02-04,8.288347244262695,10.025816917419434,2001-02-15,6.728200912475586,2001-04-04,false,false,247
2002-02-05,8.45211410522461,10.025816917419434,2001-02-15,6.728200912475586,2001-04-04,false,false,247
2002-02-06,8.45211410522461,10.025816917419434,2001-02-15,6.728200912475586,2001-04-04,false,false,247
2002-02-07,8.170072555541992,10.025816917419434,2001-02-15,6.728200912475586,2001-04-04,false,false,247
2002-02-08,8.342936515808105,10.025816917419434,2001-02-15,6.728200912475586,2001-04-04,false,false,247
2002-02-11,8.41572093963623,10.025816917419434,2001-02-15,6.728200912475586,2001-04-04,false,false,247
2002-02-12,8.41572093963623,10.025816917419434,2001-02-15,6.728200912475586,2001-04-04,false,false,247
2002-02-13,8.388426780700684,10.025816917419434,2001-02-15,6.728200912475586,2001-04-04,false,false,247
2002-02-14,8.552191734313965,10.025816917419434,2001-02-15,6.728200912475586,2001-04-04,false,false,247
2002-02-15,8.388426780700684,10.025816917419434,2001-02-15,6.728200912475586,2001-04-04,false,false,247
2002-02-19,8.288347244262695,9.928305625915527,2001-02-20,6.728200912475586,2001-04-04,false,false,247
2002-02-20,8.270151138305664,9.928305625915527,2001-02-20,6.728200912475586,2001-04-04,false,false,247
2002-02-21,8.297445297241211,9.74215030670166,2001-03-01,6.728200912475586,2001-04-04,false,false,247
2002-02-22,8.388426780700684,9.74215030670166,2001-03-01,6.728200912475586,2001-04-04,false,false,247
2002-02-25,8.370230674743652,9.74215030670166,2001-03-01,6.728200912475586,2001-04-04,false,false,247
2002-02-26,8.506701469421387,9.74215030670166,2001-03-01,6.728200912475586,2001-04-04,false,false,247
2002-02-27,8.597681999206543,9.74215030670166,2001-03-01,6.728200912475586,2001-04-04,false,false,247
2002-02-28,8.397522926330566,9.74215030670166,2001-03-01,6.728200912475586,2001-04-04,false,false,247
2002-03-01,8.379328727722168,9.74215030670166,2001-03-01,6.728200912475586,2001-04-04,false,false,247
2002-03-04,8.597681999206543,9.51167106628418,2001-06-04,6.728200912475586,2001-04-04,false,false,247
2002-03-05,8.643172264099121,9.51167106628418,2001-06-04,6.728200912475586,2001-04-04,false,false,247
2002-03-06,8.570387840270996,9.51167106628418,2001-06-04,6.728200912475586,2001-04-04,false,false,247
2002-03-07,8.888821601867676,9.51167106628418,2001-06-04,6.728200912475586,2001-04-04,false,false,247
2002-03-08,8.961605072021484,9.51167106628418,2001-06-04,6.728200912475586,2001-04-04,false,false,247
2002-03-11,8.925213813781738,9.51167106628418,2001-06-04,6.728200912475586,2001-04-04,false,false,247
2002-03-12,8.73415470123291,9.51167106628418,2001-06-04,6.728200912475586,2001-04-04,false,false,247
2002-03-13,8.6886625289917,9.51167106628418,2001-06-04,6.728200912475586,2001-04-04,false,false,247
2002-03-14,8.643172264099121,9.51167106628418,2001-06-04,6.728200912475586,2001-04-04,false,false,247
2002-03-15,8.73415470123291,9.51167106628418,2001-06-04,6.728200912475586,2001-04-04,false,false,247
2002-03-18,9.46199893951416,9.51167106628418,2001-06-04,6.728200912475586,2001-04-04,false,false,247
2002-03-19,9.38011646270752,9.51167106628418,2001-06-04,6.728200912475586,2001-04-04,false,false,247
2002-03-20,9.23454761505127,9.51167106628418,2001-06-04,6.728200912475586,2001-04-04,false,false,247
2002-03-21,9.734941482543945,9.734941482543945,2002-03-21,6.728200912475586,2001-04-04,true,false,247
2002-03-22,9.689451217651367,9.734941482543945,2002-03-21,6.728200912475586,2001-04-04,false,false,247
2002-03-25,9.689451217651367,9.734941482543945,2002-03-21,6.728200912475586,2001-04-04,false,false,247
2002-03-26,9.680353164672852,9.734941482543945,2002-03-21,6.728200912475586,2001-04-04,false,false,247
2002-03-27,9.83502197265625,9.83502197265625,2002-03-27,6.728200912475586,2001-04-04,true,false,247
2002-03-28,9.589372634887695,9.83502197265625,2002-03-27,6.728200912475586,2001-04-04,false,false,247
2002-04-01,9.125370025634766,9.83502197265625,2002-03-27,6.728200912475586,2001-04-04,false,false,246
2002-04-02,9.46199893951416,9.83502197265625,2002-03-27,6.728200912475586,2001-04-04,false,false,246
2002-04-03,9.298234939575195,9.83502197265625,2002-03-27,6.728200912475586,2001-04-04,false,false,246
2002-04-04,9.280037879943848,9.83502197265625,2002-03-27,6.728200912475586,2001-04-04,false,false,246
2002-04-05,9.334626197814941,9.83502197265625,2002-03-27,7.162563800811768,2001-04-09,false,false,246
2002-04-08,9.289135932922363,9.83502197265625,2002-03-27,7.162563800811768,2001-04-09,false,false,246
2002-04-09,9.243644714355469,9.83502197265625,2002-03-27,7.162563800811768,2001-04-09,false,false,246
2002-04-10,9.116272926330566,9.83502197265625,2002-03-27,7.508281707763672,2001-04-16,false,false,246
2002-04-11,9.088977813720703,9.83502197265625,2002-03-27,7.508281707763672,2001-04-16,false,false,246
2002-04-12,9.307331085205078,9.83502197265625,2002-03-27,7.508281707763672,2001-04-16,false,false,246
2002-04-15,9.698549270629883,9.83502197265625,2002-03-27,7.508281707763672,2001-04-16,false,false,247
2002-04-16,9.825922012329102,9.83502197265625,2002-03-27,7.508281707763672,2001-04-16,false,false,247
2002-04-17,9.72584342956543,9.83502197265625,2002-03-27,7.614656448364258,2001-09-19,false,false,247
2002-04-18,9.643960952758789,9.83502197265625,2002-03-27,7.614656448364258,2001-09-19,false,false,247
2002-04-19,9.562078475952148,9.83502197265625,2002-03-27,7.614656448364258,2001-09-19,false,false,247
2002-04-22,9.689451217651367,9.83502197265625,2002-03-27,7.614656448364258,2001-09-19,false,false,247
2002-04-23,9.780431747436523,9.83502197265625,2002-03-27,7.614656448364258,2001-09-19,false,false,247
2002-04-24,9.83502197265625,9.83502197265625,2002-04-24,7.614656448364258,2001-09-19,true,false,247
2002-04-25,9.66215705871582,9.83502197265625,2002-04-24,7.614656448364258,2001-09-19,false,false,247
2002-04-26,9.598470687866211,9.83502197265625,2002-04-24,7.614656448364258,2001-09-19,false,false,247
2002-04-29,9.598470687866211,9.83502197265625,2002-04-24,7.614656448364258,2001-09-19,false,false,247
2002-04-30,9.734941482543945,9.83502197265625,2002-04-24,7.614656448364258,2001-09-19,false,false,247
2002-05-01,9.825922012329102,9.83502197265625,2002-04-24,7.614656448364258,2001-09-19,false,false,247
2002-05-02,9.616666793823242,9.83502197265625,2002-04-24,7.614656448364258,2001-09-19,false,false,247
2002-05-03,9.552980422973633,9.83502197265625,2002-04-24,7.614656448364258,2001-09-19,false,false,247
2002-05-06,9.452901840209961,9.83502197265625,2002-04-24,7.614656448364258,2001-09-19,false,false,247
2002-05-07,9.543882369995117,9.83502197265625,2002-04-24,7.614656448364258,2001-09-19,false,false,247
2002-05-08,9.80772590637207,9.83502197265625,2002-04-24,7.614656448364258,2001-09-19,false,false,247
2002-05-09,9.46199893951416,9.83502197265625,2002-04-24,7.614656448364258,2001-09-19,false,false,247
2002-05-10,9.562078475952148,9.83502197265625,2002-04-24,7.614656448364258,2001-09-19,false,false,247
2002-05-13,9.698549270629883,9.83502197265625,2002-04-24,7.614656448364258,2001-09-19,false,false,247
2002-05-14,9.953295707702637,9.953295707702637,2002-05-14,7.614656448364258,2001-09-19,true,false,247
2002-05-15,9.916903495788574,9.953295707702637,2002-05-14,7.614656448364258,2001-09-19,false,false,247
2002-05-16,9.86231517791748,9.953295707702637,2002-05-14,7.614656448364258,2001-09-19,false,false,247
2002-05-17,10.135257720947266,10.135257720947266,2002-05-17,7.614656448364258,2001-09-19,true,false,247
2002-05-20,10.126158714294434,10.135257720947266,2002-05-17,7.614656448364258,2001-09-19,false,false,247
2002-05-21,10.089766502380371,10.135257720947266,2002-05-17,7.614656448364258,2001-09-19,false,false,247
2002-05-22,10.317219734191895,10.317219734191895,2002-05-22,7.614656448364258,2001-09-19,true,false,247
2002-05-23,10.390003204345703,10.390003204345703,2002-05-23,7.614656448364258,2001-09-19,true,false,247
2002-05-24,10.626553535461426,10.626553535461426,2002-05-24,7.614656448364258,2001-09-19,true,false,247
2002-05-28,10.635650634765625,10.635650634765625,2002-05-28,7.614656448364258,2001-09-19,true,false,247
2002-05-29,10.626553535461426,10.635650634765625,2002-05-28,7.614656448364258,2001-09-19,false,false,247
2002-05-30,10.380905151367188,10.635650634765625,2002-05-28,7.614656448364258,2001-09-19,false,false,247
2002-05-31,10.490081787109375,10.635650634765625,2002-05-28,7.614656448364258,2001-09-19,false,false,247
2002-06-03,10.371806144714355,10.635650634765625,2002-05-28,7.614656448364258,2001-09-19,false,false,247
2002-06-04,10.499180793762207,10.635650634765625,2002-05-28,7.614656448364258,2001-09-19,false,false,247
2002-06-05,10.508277893066406,10.635650634765625,2002-05-28,7.614656448364258,2001-09-19,false,false,247
2002-06-06,10.289924621582031,10.635650634765625,2002-05-28,7.614656448364258,2001-09-19,false,false,247
2002-06-07,10.344511985778809,10.635650634765625,2002-05-28,7.614656448364258,2001-09-19,false,false,247
2002-06-10,10.162550926208496,10.635650634765625,2002-05-28,7.614656448364258,2001-09-19,false,false,247
2002-06-11,10.171649932861328,10.635650634765625,2002-05-28,7.614656448364258,2001-09-19,false,false,247
2002-06-12,10.026081085205078,10.635650634765625,2002-05-28,7.614656448364258,2001-09-19,false,false,247
2002-06-13,10.098865509033203,10.635650634765625,2002-05-28,7.614656448364258,2001-09-19,false,false,247
2002-06-14,9.971491813659668,10.635650634765625,2002-05-28,7.614656448364258,2001-09-19,false,false,247
2002-06-17,10.07157039642334,10.635650634765625,2002-05-28,7.614656448364258,2001-09-19,false,false,247
2002-06-18,10.07157039642334,10.635650634765625,2002-05-28,7.614656448364258,2001-09-19,false,false,247
2002-06-19,9.734941482543945,10.635650634765625,2002-05-28,7.614656448364258,2001-09-19,false,false,247
2002-06-20,9.916903495788574,10.635650634765625,2002-05-28,7.614656448364258,2001-09-19,false,false,247
2002-06-21,9.753138542175293,10.635650634765625,2002-05-28,7.614656448364258,2001-09-19,false,false,247
2002-06-24,9.744039535522461,10.635650634765625,2002-05-28,7.614656448364258,2001-09-19,false,false,247
2002-06-25,9.853216171264648,10.635650634765625,2002-05-28,7.614656448364258,2001-09-19,false,false,247
2002-06-26,9.489294052124023,10.635650634765625,2002-05-28,7.614656448364258,2001-09-19,false,false,247
2002-06-27,9.325529098510742,10.635650634765625,2002-05-28,7.614656448364258,2001-09-19,false,false,247
2002-06-28,9.52568531036377,10.635650634765625,2002-05-28,7.614656448364258,2001-09-19,false,false,247
2002-07-01,9.471097946166992,10.635650634765625,2002-05-28,7.614656448364258,2001-09-19,false,false,247
2002-07-02,9.280037879943848,10.635650634765625,2002-05-28,7.614656448364258,2001-09-19,false,false,247
2002-07-03,9.361921310424805,10.635650634765625,2002-05-28,7.614656448364258,2001-09-19,false,false,247
2002-07-05,9.51658821105957,10.635650634765625,2002-05-28,7.614656448364258,2001-09-19,false,false,247
2002-07-08,9.534784317016602,10.635650634765625,2002-05-28,7.614656448364258,2001-09-19,false,false,247
2002-07-09,9.86231517791748,10.635650634765625,2002-05-28,7.614656448364258,2001-09-19,false,false,247
2002-07-10,9.916903495788574,10.635650634765625,2002-05-28,7.614656448364258,2001-09-19,false,false,247
2002-07-11,9.916903495788574,10.635650634765625,2002-05-28,7.614656448364258,2001-09-19,false,false,247
2002-07-12,9.935099601745605,10.635650634765625,2002-05-28,7.614656448364258,2001-09-19,false,false,247
2002-07-15,9.816824913024902,10.635650634765625,2002-05-28,7.614656448364258,2001-09-19,false,false,247
2002-07-16,9.871413230895996,10.635650634765625,2002-05-28,7.614656448364258,2001-09-19,false,false,247
2002-07-17,9.898706436157227,10.635650634765625,2002-05-28,7.614656448364258,2001-09-19,false,false,247
2002-07-18,9.689451217651367,10.635650634765625,2002-05-28,7.614656448364258,2001-09-19,false,false,247
2002-07-19,9.507490158081055,10.635650634765625,2002-05-28,7.614656448364258,2001-09-19,false,false,247
2002-07-22,9.443803787231445,10.635650634765625,2002-05-28,7.614656448364258,2001-09-19,false,false,247
2002-07-23,9.552980422973633,10.635650634765625,2002-05-28,7.614656448364258,2001-09-19,false,false,247
2002-07-24,9.46199893951416,10.635650634765625,2002-05-28,7.614656448364258,2001-09-19,false,false,247
2002-07-25,9.389214515686035,10.635650634765625,2002-05-28,7.614656448364258,2001-09-19,false,false,247
2002-07-26,9.270939826965332,10.635650634765625,2002-05-28,7.614656448364258,2001-09-19,false,false,247
2002-07-29,9.261841773986816,10.635650634765625,2002-05-28,7.614656448364258,2001-09-19,false,false,247
2002-07-30,9.225449562072754,10.635650634765625,2002-05-28,7.614656448364258,2001-09-19,false,false,247
2002-07-31,9.307331085205078,10.635650634765625,2002-05-28,7.614656448364258,2001-09-19,false,false,247
2002-08-01,9.23454761505127,10.635650634765625,2002-05-28,7.614656448364258,2001-09-19,false,false,247
2002-08-02,8.82513427734375,10.635650634765625,2002-05-28,7.614656448364258,2001-09-19,false,false,247
2002-08-05,8.679564476013184,10.635650634765625,2002-05-28,7.614656448364258,2001-09-19,false,false,247
2002-08-06,8.779644012451172,10.635650634765625,2002-05-28,7.614656448364258,2001-09-19,false,false,247
2002-08-07,8.779644012451172,10.635650634765625,2002-05-28,7.614656448364258,2001-09-19,false,false,247
2002-08-08,8.779644012451172,10.635650634765625,2002-05-28,7.614656448364258,2001-09-19,false,false,247
2002-08-09,8.661369323730469,10.635650634765625,2002-05-28,7.614656448364258,2001-09-19,false,false,247
2002-08-12,8.715957641601562,10.635650634765625,2002-05-28,7.614656448364258,2001-09-19,false,false,247
2002-08-13,8.788741111755371,10.635650634765625,2002-05-28,7.614656448364258,2001-09-19,false,false,247
2002-08-14,9.280037879943848,10.635650634765625,2002-05-28,7.614656448364258,2001-09-19,false,false,247
2002-08-15,9.280037879943848,10.635650634765625,2002-05-28,7.614656448364258,2001-09-19,false,false,247
2002-08-16,9.31643009185791,10.635650634765625,2002-05-28,7.614656448364258,2001-09-19,false,false,247
2002-08-19,9.307331085205078,10.635650634765625,2002-05-28,7.614656448364258,2001-09-19,false,false,247
2002-08-20,9.298234939575195,10.635650634765625,2002-05-28,7.614656448364258,2001-09-19,false,false,247
2002-08-21,9.261841773986816,10.635650634765625,2002-05-28,7.614656448364258,2001-09-19,false,false,247
2002-08-22,9.252744674682617,10.635650634765625,2002-05-28,7.614656448364258,2001-09-19,false,false,247
2002-08-23,9.170860290527344,10.635650634765625,2002-05-28,7.614656448364258,2001-09-19,false,false,247
2002-08-26,9.134468078613281,10.635650634765625,2002-05-28,7.614656448364258,2001-09-19,false,false,247
2002-08-27,8.979801177978516,10.635650634765625,2002-05-28,7.614656448364258,2001-09-19,false,false,247
2002-08-28,8.861525535583496,10.635650634765625,2002-05-28,7.614656448364258,2001-09-19,false,false,247
2002-08-29,8.879722595214844,10.635650634765625,2002-05-28,7.614656448364258,2001-09-19,false,false,247
2002-08-30,9.098076820373535,10.635650634765625,2002-05-28,7.614656448364258,2001-09-19,false,false,247
2002-09-03,8.979801177978516,10.635650634765625,2002-05-28,7.614656448364258,2001-09-19,false,false,247
2002-09-04,8.961605072021484,10.635650634765625,2002-05-28,7.614656448364258,2001-09-19,false,false,247
2002-09-05,8.988900184631348,10.635650634765625,2002-05-28,7.614656448364258,2001-09-19,false,false,247
2002-09-06,8.897918701171875,10.635650634765625,2002-05-28,7.614656448364258,2001-09-19,false,false,247
2002-09-09,8.943408966064453,10.635650634765625,2002-05-28,7.614656448364258,2001-09-19,false,false,247
2002-09-10,8.916114807128906,10.635650634765625,2002-05-28,7.614656448364258,2001-09-19,false,false,247
2002-09-11,8.852428436279297,10.635650634765625,2002-05-28,7.614656448364258,2001-09-19,false,false,248
2002-09-12,8.870624542236328,10.635650634765625,2002-05-28,7.614656448364258,2001-09-19,false,false,249
2002-09-13,8.661369323730469,10.635650634765625,2002-05-28,7.614656448364258,2001-09-19,false,false,250
2002-09-16,8.515799522399902,10.635650634765625,2002-05-28,7.614656448364258,2001-09-19,false,false,251
2002-09-17,8.433917045593262,10.635650634765625,2002-05-28,7.614656448364258,2001-09-19,false,false,251
2002-09-18,8.406623840332031,10.635650634765625,2002-05-28,7.614656448364258,2001-09-19,false,false,251
2002-09-19,8.370230674743652,10.635650634765625,2002-05-28,7.614656448364258,2001-09-19,false,false,251
2002-09-20,8.251955032348633,10.635650634765625,2002-05-28,7.641250133514404,2001-11-09,false,false,251
2002-09-23,8.242857933044434,10.635650634765625,2002-05-28,7.641250133514404,2001-11-09,false,false,251
2002-09-24,8.297445297241211,10.635650634765625,2002-05-28,7.641250133514404,2001-11-09,false,false,251
2002-09-25,8.406623840332031,10.635650634765625,2002-05-28,7.641250133514404,2001-11-09,false,false,251
2002-09-26,8.443014144897461,10.635650634765625,2002-05-28,7.641250133514404,2001-11-09,false,false,251
2002-09-27,8.570387840270996,10.635650634765625,2002-05-28,7.641250133514404,2001-11-09,false,false,251
2002-09-30,8.488504409790039,10.635650634765625,2002-05-28,7.641250133514404,2001-11-09,false,false,251
2002-10-01,8.806939125061035,10.635650634765625,2002-05-28,7.641250133514404,2001-11-09,false,false,251
2002-10-02,8.533995628356934,10.635650634765625,2002-05-28,7.641250133514404,2001-11-09,false,false,251
2002-10-03,8.543094635009766,10.635650634765625,2002-05-28,7.641250133514404,2001-11-09,false,false,251
2002-10-04,8.524897575378418,10.635650634765625,2002-05-28,7.641250133514404,2001-11-09,false,false,251
2002-10-07,8.388426780700684,10.635650634765625,2002-05-28,7.641250133514404,2001-11-09,false,false,251
2002-10-08,8.634074211120605,10.635650634765625,2002-05-28,7.641250133514404,2001-11-09,false,false,251
2002-10-09,8.41572093963623,10.635650634765625,2002-05-28,7.641250133514404,2001-11-09,false,false,251
2002-10-10,8.088190078735352,10.635650634765625,2002-05-28,7.641250133514404,2001-11-09,false,false,251
2002-10-11,8.188268661499023,10.635650634765625,2002-05-28,7.641250133514404,2001-11-09,false,false,251
2002-10-14,8.079092025756836,10.635650634765625,2002-05-28,7.641250133514404,2001-11-09,false,false,251
2002-10-15,7.77885627746582,10.635650634765625,2002-05-28,7.641250133514404,2001-11-09,false,false,251
2002-10-16,7.505912780761719,10.635650634765625,2002-05-28,7.505912780761719,2002-10-16,false,true,251
2002-10-17,7.5423054695129395,10.635650634765625,2002-05-28,7.505912780761719,2002-10-16,false,false,251
2002-10-18,7.615089416503906,10.635650634765625,2002-05-28,7.505912780761719,2002-10-16,false,false,251
2002-10-21,7.4695210456848145,10.635650634765625,2002-05-28,7.4695210456848145,2002-10-21,false,true,251
2002-10-22,7.487716197967529,10.635650634765625,2002-05-28,7.4695210456848145,2002-10-21,false,false,251
2002-10-23,7.62418794631958,10.635650634765625,2002-05-28,7.4695210456848145,2002-10-21,false,false,251
2002-10-24,7.4695210456848145,10.635650634765625,2002-05-28,7.4695210456848145,2002-10-24,false,true,251
2002-10-25,7.560501575469971,10.635650634765625,2002-05-28,7.4695210456848145,2002-10-24,false,false,251
2002-10-28,7.642384052276611,10.635650634765625,2002-05-28,7.4695210456848145,2002-10-24,false,false,251
2002-10-29,7.560501575469971,10.635650634765625,2002-05-28,7.4695210456848145,2002-10-24,false,false,251
2002-10-30,7.62418794631958,10.635650634765625,2002-05-28,7.4695210456848145,2002-10-24,false,false,251
2002-10-31,7.651482105255127,10.635650634765625,2002-05-28,7.4695210456848145,2002-10-24,false,false,251
2002-11-01,7.596894264221191,10.635650634765625,2002-05-28,7.4695210456848145,2002-10-24,false,false,251
2002-11-04,7.7424635887146,10.635650634765625,2002-05-28,7.4695210456848145,2002-10-24,false,false,251
2002-11-05,7.533206939697266,10.635650634765625,2002-05-28,7.4695210456848145,2002-10-24,false,false,251
2002-11-06,7.760659217834473,10.635650634765625,2002-05-28,7.4695210456848145,2002-10-24,false,false,251
2002-11-07,7.62418794631958,10.635650634765625,2002-05-28,7.4695210456848145,2002-10-24,false,false,251
2002-11-08,7.878933906555176,10.635650634765625,2002-05-28,7.4695210456848145,2002-10-24,false,false,251
2002-11-11,7.86983585357666,10.635650634765625,2002-05-28,7.4695210456848145,2002-10-24,false,false,251
2002-11-12,8.006307601928711,10.635650634765625,2002-05-28,7.4695210456848145,2002-10-24,false,false,251
2002-11-13,8.051797866821289,10.635650634765625,2002-05-28,7.4695210456848145,2002-10-24,false,false,251
2002-11-14,8.088190078735352,10.635650634765625,2002-05-28,7.4695210456848145,2002-10-24,false,false,251
2002-11-15,8.09728717803955,10.635650634765625,2002-05-28,7.4695210456848145,2002-10-24,false,false,251
2002-11-18,8.033601760864258,10.635650634765625,2002-05-28,7.4695210456848145,2002-10-24,false,false,251
2002-11-19,8.006307601928711,10.635650634765625,2002-05-28,7.4695210456848145,2002-10-24,false,false,251
2002-11-20,8.306544303894043,10.635650634765625,2002-05-28,7.4695210456848145,2002-10-24,false,false,251
2002-11-21,8.370230674743652,10.635650634765625,2002-05-28,7.4695210456848145,2002-10-24,false,false,251
2002-11-22,8.261054039001465,10.635650634765625,2002-05-28,7.4695210456848145,2002-10-24,false,false,252
2002-11-25,8.197367668151855,10.635650634765625,2002-05-28,7.4695210456848145,2002-10-24,false,false,252
2002-11-26,7.960817337036133,10.635650634765625,2002-05-28,7.4695210456848145,2002-10-24,false,false,252
2002-11-27,8.160974502563477,10.635650634765625,2002-05-28,7.4695210456848145,2002-10-24,false,false,252
2002-11-29,8.297445297241211,10.635650634765625,2002-05-28,7.4695210456848145,2002-10-24,false,false,251
2002-12-02,8.233759880065918,10.635650634765625,2002-05-28,7.4695210456848145,2002-10-24,false,false,251
2002-12-03,8.09728717803955,10.635650634765625,2002-05-28,7.4695210456848145,2002-10-24,false,false,251
2002-12-04,7.979013919830322,10.635650634765625,2002-05-28,7.4695210456848145,2002-10-24,false,false,251
2002-12-05,8.01540470123291,10.635650634765625,2002-05-28,7.4695210456848145,2002-10-24,false,false,251
2002-12-06,8.006307601928711,10.635650634765625,2002-05-28,7.4695210456848145,2002-10-24,false,false,251
2002-12-09,7.86983585357666,10.635650634765625,2002-05-28,7.4695210456848145,2002-10-24,false,false,251
2002-12-10,7.915326118469238,10.635650634765625,2002-05-28,7.4695210456848145,2002-10-24,false,false,251
2002-12-11,7.833443641662598,10.635650634765625,2002-05-28,7.4695210456848145,2002-10-24,false,false,251
2002-12-12,8.115484237670898,10.635650634765625,2002-05-28,7.4695210456848145,2002-10-24,false,false,251
2002-12-13,7.979013919830322,10.635650634765625,2002-05-28,7.4695210456848145,2002-10-24,false,false,251
2002-12-16,8.006307601928711,10.635650634765625,2002-05-28,7.4695210456848145,2002-10-24,false,false,251
2002-12-17,8.09728717803955,10.635650634765625,2002-05-28,7.4695210456848145,2002-10-24,false,false,251
2002-12-18,8.024503707885742,10.635650634765625,2002-05-28,7.4695210456848145,2002-10-24,false,false,251
2002-12-19,7.897130966186523,10.635650634765625,2002-05-28,7.4695210456848145,2002-10-24,false,false,251
2002-12-20,8.01540470123291,10.635650634765625,2002-05-28,7.4695210456848145,2002-10-24,false,false,251
2002-12-23,7.960817337036133,10.635650634765625,2002-05-28,7.4695210456848145,2002-10-24,false,false,251
2002-12-24,7.815248012542725,10.635650634765625,2002-05-28,7.4695210456848145,2002-10-24,false,false,251
2002-12-26,7.963869094848633,10.635650634765625,2002-05-28,7.4695210456848145,2002-10-24,false,false,251
2002-12-27,8.17885684967041,10.635650634765625,2002-05-28,7.4695210456848145,2002-10-24,false,false,251
2002-12-30,7.851701259613037,10.635650634765625,2002-05-28,7.4695210456848145,2002-10-24,false,false,251
2002-12-31,7.945173740386963,10.635650634765625,2002-05-28,7.4695210456848145,2002-10-24,false,false,251
2003-01-02,7.851701259613037,10.635650634765625,2002-05-28,7.4695210456848145,2002-10-24,false,false,251
2003-01-03,7.945173740386963,10.635650634765625,2002-05-28,7.4695210456848145,2002-10-24,false,false,251
2003-01-06,8.094730377197266,10.635650634765625,2002-05-28,7.4695210456848145,2002-10-24,false,false,251
2003-01-07,8.085383415222168,10.635650634765625,2002-05-28,7.4695210456848145,2002-10-24,false,false,251
2003-01-08,7.991910934448242,10.635650634765625,2002-05-28,7.4695210456848145,2002-10-24,false,false,251
2003-01-09,7.991910934448242,10.635650634765625,2002-05-28,7.4695210456848145,2002-10-24,false,false,251
2003-01-10,7.954522132873535,10.635650634765625,2002-05-28,7.4695210456848145,2002-10-24,false,false,251
2003-01-13,8.132120132446289,10.635650634765625,2002-05-28,7.4695210456848145,2002-10-24,false,false,251
2003-01-14,8.262982368469238,10.635650634765625,2002-05-28,7.4695210456848145,2002-10-24,false,false,251
2003-01-15,8.160161018371582,10.635650634765625,2002-05-28,7.4695210456848145,2002-10-24,false,false,251
2003-01-16,8.14146614074707,10.635650634765625,2002-05-28,7.4695210456848145,2002-10-24,false,false,251
2003-01-17,8.094730377197266,10.635650634765625,2002-05-28,7.4695210456848145,2002-10-24,false,false,251
2003-01-21,8.066689491271973,10.635650634765625,2002-05-28,7.4695210456848145,2002-10-24,false,false,251
2003-01-22,8.07603645324707,10.635650634765625,2002-05-28,7.4695210456848145,2002-10-24,false,false,251
2003-01-23,8.122772216796875,10.635650634765625,2002-05-28,7.4695210456848145,2002-10-24,false,false,251
2003-01-24,7.973216533660889,10.635650634765625,2002-05-28,7.4695210456848145,2002-10-24,false,false,251
2003-01-27,7.842355251312256,10.635650634765625,2002-05-28,7.4695210456848145,2002-10-24,false,false,251
2003-01-28,7.907785415649414,10.635650634765625,2002-05-28,7.4695210456848145,2002-10-24,false,false,251
2003-01-29,7.870396614074707,10.635650634765625,2002-05-28,7.4695210456848145,2002-10-24,false,false,251
2003-01-30,7.776923656463623,10.635650634765625,2002-05-28,7.4695210456848145,2002-10-24,false,false,251
2003-01-31,7.767576694488525,10.635650634765625,2002-05-28,7.4695210456848145,2002-10-24,false,false,251
2003-02-03,7.898437976837158,10.635650634765625,2002-05-28,7.4695210456848145,2002-10-24,false,false,251
2003-02-04,7.7582292556762695,10.635650634765625,2002-05-28,7.4695210456848145,2002-10-24,false,false,251
2003-02-05,7.9825639724731445,10.635650634765625,2002-05-28,7.4695210456848145,2002-10-24,false,false,251
2003-02-06,7.870396614074707,10.635650634765625,2002-05-28,7.4695210456848145,2002-10-24,false,false,251
2003-02-07,7.954522132873535,10.635650634765625,2002-05-28,7.4695210456848145,2002-10-24,false,false,251
2003-02-10,8.085383415222168,10.635650634765625,2002-05-28,7.4695210456848145,2002-10-24,false,false,251
2003-02-11,7.907785415649414,10.635650634765625,2002-05-28,7.4695210456848145,2002-10-24,false,false,251
2003-02-12,7.879744052886963,10.635650634765625,2002-05-28,7.4695210456848145,2002-10-24,false,false,251
2003-02-13,7.767576694488525,10.635650634765625,2002-05-28,7.4695210456848145,2002-10-24,false,false,251
2003-02-14,7.842355251312256,10.635650634765625,2002-05-28,7.4695210456848145,2002-10-24,false,false,251
2003-02-18,8.24428653717041,10.635650634765625,2002-05-28,7.4695210456848145,2002-10-24,false,false,251
2003-02-19,7.963869094848633,10.635650634765625,2002-05-28,7.4695210456848145,2002-10-24,false,false,251
2003-02-20,8.132120132446289,10.635650634765625,2002-05-28,7.4695210456848145,2002-10-24,false,false,251
2003-02-21,8.113425254821777,10.635650634765625,2002-05-28,7.4695210456848145,2002-10-24,false,false,251
2003-02-24,7.926480293273926,10.635650634765625,2002-05-28,7.4695210456848145,2002-10-24,false,false,251
2003-02-25,7.851701259613037,10.635650634765625,2002-05-28,7.4695210456848145,2002-10-24,false,false,251
2003-02-26,7.823660373687744,10.635650634765625,2002-05-28,7.4695210456848145,2002-10-24,false,false,251
2003-02-27,7.730187892913818,10.635650634765625,2002-05-28,7.4695210456848145,2002-10-24,false,false,251
2003-02-28,7.711493015289307,10.635650634765625,2002-05-28,7.4695210456848145,2002-10-24,false,false,251
2003-03-03,7.786270618438721,10.635650634765625,2002-05-28,7.4695210456848145,2002-10-24,false,false,251
2003-03-04,7.730187892913818,10.635650634765625,2002-05-28,7.4695210456848145,2002-10-24,false,false,251
2003-03-05,7.683451175689697,10.635650634765625,2002-05-28,7.4695210456848145,2002-10-24,false,false,251
2003-03-06,7.6647562980651855,10.635650634765625,2002-05-28,7.4695210456848145,2002-10-24,false,false,251
2003-03-07,7.54324197769165,10.635650634765625,2002-05-28,7.4695210456848145,2002-10-24,false,false,251
2003-03-10,7.188045978546143,10.635650634765625,2002-05-28,7.188045978546143,2003-03-10,false,true,251
2003-03-11,7.197393417358398,10.635650634765625,2002-05-28,7.188045978546143,2003-03-10,false,false,251
2003-03-12,7.290865898132324,10.635650634765625,2002-05-28,7.188045978546143,2003-03-10,false,false,251
2003-03-13,7.48715877532959,10.635650634765625,2002-05-28,7.188045978546143,2003-03-10,false,false,251
2003-03-14,7.431075096130371,10.635650634765625,2002-05-28,7.188045978546143,2003-03-10,false,false,251
2003-03-17,7.449769020080566,10.635650634765625,2002-05-28,7.188045978546143,2003-03-10,false,false,251
2003-03-18,7.346949577331543,10.635650634765625,2002-05-28,7.188045978546143,2003-03-10,false,false,251
2003-03-19,7.356297016143799,10.635650634765625,2002-05-28,7.188045978546143,2003-03-10,false,false,251
2003-03-20,7.384338855743408,10.635650634765625,2002-05-28,7.188045978546143,2003-03-10,false,false,251
2003-03-21,7.505853176116943,10.635650634765625,2002-05-28,7.188045978546143,2003-03-10,false,false,251
2003-03-24,7.365644454956055,10.635650634765625,2002-05-28,7.188045978546143,2003-03-10,false,false,251
2003-03-25,7.48715877532959,10.635650634765625,2002-05-28,7.188045978546143,2003-03-10,false,false,251
2003-03-26,7.328255653381348,10.635650634765625,2002-05-28,7.188045978546143,2003-03-10,false,false,251
2003-03-27,7.421727657318115,10.635650634765625,2002-05-28,7.188045978546143,2003-03-10,false,false,251
2003-03-28,7.403033256530762,10.635650634765625,2002-05-28,7.188045978546143,2003-03-10,false,false,251
2003-03-31,7.459116458892822,10.635650634765625,2002-05-28,7.188045978546143,2003-03-10,false,false,252
2003-04-01,7.374991416931152,10.635650634765625,2002-05-28,7.188045978546143,2003-03-10,false,false,252
2003-04-02,7.48715877532959,10.635650634765625,2002-05-28,7.188045978546143,2003-03-10,false,false,252
2003-04-03,7.496506690979004,10.635650634765625,2002-05-28,7.188045978546143,2003-03-10,false,false,252
2003-04-04,7.524548053741455,10.635650634765625,2002-05-28,7.188045978546143,2003-03-10,false,false,252
2003-04-07,7.739534378051758,10.635650634765625,2002-05-28,7.188045978546143,2003-03-10,false,false,252
2003-04-08,7.795619010925293,10.635650634765625,2002-05-28,7.188045978546143,2003-03-10,false,false,252
2003-04-09,7.711493015289307,10.635650634765625,2002-05-28,7.188045978546143,2003-03-10,false,false,252
2003-04-10,7.907785415649414,10.635650634765625,2002-05-28,7.188045978546143,2003-03-10,false,false,252
2003-04-11,8.234940528869629,10.635650634765625,2002-05-28,7.188045978546143,2003-03-10,false,false,252
2003-04-14,8.393842697143555,10.635650634765625,2002-05-28,7.188045978546143,2003-03-10,false,false,252
2003-04-15,8.412537574768066,10.635650634765625,2002-05-28,7.188045978546143,2003-03-10,false,false,252
2003-04-16,8.51535701751709,10.635650634765625,2002-05-28,7.188045978546143,2003-03-10,false,false,252
2003-04-17,8.552746772766113,10.635650634765625,2002-05-28,7.188045978546143,2003-03-10,false,false,252
2003-04-21,8.646219253540039,10.635650634765625,2002-05-28,7.188045978546143,2003-03-10,false,false,251
2003-04-22,8.562093734741211,10.635650634765625,2002-05-28,7.188045978546143,2003-03-10,false,false,251
2003-04-23,8.580789566040039,10.635650634765625,2002-05-28,7.188045978546143,2003-03-10,false,false,251
2003-04-24,8.477968215942383,10.635650634765625,2002-05-28,7.188045978546143,2003-03-10,false,false,251
2003-04-25,8.188202857971191,10.635650634765625,2002-05-28,7.188045978546143,2003-03-10,false,false,251
2003-04-28,8.51535701751709,10.635650634765625,2002-05-28,7.188045978546143,2003-03-10,false,false,251
2003-04-29,8.552746772766113,10.635650634765625,2002-05-28,7.188045978546143,2003-03-10,false,false,251
2003-04-30,8.805123329162598,10.635650634765625,2002-05-28,7.188045978546143,2003-03-10,false,false,251
2003-05-01,8.739691734313965,10.635650634765625,2002-05-28,7.188045978546143,2003-03-10,false,false,251
2003-05-02,8.83316421508789,10.635650634765625,2002-05-28,7.188045978546143,2003-03-10,false,false,251
2003-05-05,8.945330619812012,10.635650634765625,2002-05-28,7.188045978546143,2003-03-10,false,false,251
2003-05-06,8.83316421508789,10.635650634765625,2002-05-28,7.188045978546143,2003-03-10,false,false,251
2003-05-07,8.78642749786377,10.635650634765625,2002-05-28,7.188045978546143,2003-03-10,false,false,251
2003-05-08,8.749039649963379,10.635650634765625,2002-05-28,7.188045978546143,2003-03-10,false,false,251
2003-05-09,8.83316421508789,10.635650634765625,2002-05-28,7.188045978546143,2003-03-10,false,false,251
2003-05-12,8.758386611938477,10.635650634765625,2002-05-28,7.188045978546143,2003-03-10,false,false,251
2003-05-13,8.524704933166504,10.635650634765625,2002-05-28,7.188045978546143,2003-03-10,false,false,251
2003-05-14,8.5433988571167,10.635650634765625,2002-05-28,7.188045978546143,2003-03-10,false,false,251
2003-05-15,8.78642749786377,10.635650634765625,2002-05-28,7.188045978546143,2003-03-10,false,false,251
2003-05-16,8.599482536315918,10.635650634765625,2002-05-28,7.188045978546143,2003-03-10,false,false,251
2003-05-19,8.468622207641602,10.635650634765625,2002-05-28,7.188045978546143,2003-03-10,false,false,251
2003-05-20,8.496663093566895,10.635650634765625,2002-05-28,7.188045978546143,2003-03-10,false,false,251
2003-05-21,8.449926376342773,10.635650634765625,2002-05-28,7.188045978546143,2003-03-10,false,false,251
2003-05-22,8.42188549041748,10.635650634765625,2002-05-28,7.188045978546143,2003-03-10,false,false,251
2003-05-23,8.5433988571167,10.635650634765625,2002-05-28,7.188045978546143,2003-03-10,false,false,251
2003-05-27,8.655566215515137,10.635650634765625,2002-05-28,7.188045978546143,2003-03-10,false,false,251
2003-05-28,8.627524375915527,10.635650634765625,2002-05-28,7.188045978546143,2003-03-10,false,false,251
2003-05-29,8.618178367614746,10.508277893066406,2002-06-05,7.188045978546143,2003-03-10,false,false,251
2003-05-30,8.69295597076416,10.508277893066406,2002-06-05,7.188045978546143,2003-03-10,false,false,251
2003-06-02,8.69295597076416,10.508277893066406,2002-06-05,7.188045978546143,2003-03-10,false,false,251
2003-06-03,8.534051895141602,10.508277893066406,2002-06-05,7.188045978546143,2003-03-10,false,false,251
2003-06-04,8.627524375915527,10.508277893066406,2002-06-05,7.188045978546143,2003-03-10,false,false,251
2003-06-05,8.627524375915527,10.508277893066406,2002-06-05,7.188045978546143,2003-03-10,false,false,251
2003-06-06,8.562093734741211,10.344511985778809,2002-06-07,7.188045978546143,2003-03-10,false,false,251
2003-06-09,8.562093734741211,10.344511985778809,2002-06-07,7.188045978546143,2003-03-10,false,false,251
2003-06-10,8.412537574768066,10.171649932861328,2002-06-11,7.188045978546143,2003-03-10,false,false,251
2003-06-11,8.281676292419434,10.171649932861328,2002-06-11,7.188045978546143,2003-03-10,false,false,251
2003-06-12,8.328413009643555,10.098865509033203,2002-06-13,7.188045978546143,2003-03-10,false,false,251
2003-06-13,8.234940528869629,10.098865509033203,2002-06-13,7.188045978546143,2003-03-10,false,false,251
2003-06-16,8.24428653717041,10.07157039642334,2002-06-18,7.188045978546143,2003-03-10,false,false,251
2003-06-17,8.253633499145508,10.07157039642334,2002-06-18,7.188045978546143,2003-03-10,false,false,251
2003-06-18,8.337759017944336,10.07157039642334,2002-06-18,7.188045978546143,2003-03-10,false,false,251
2003-06-19,8.365800857543945,9.935099601745605,2002-07-12,7.188045978546143,2003-03-10,false,false,251
2003-06-20,8.337759017944336,9.935099601745605,2002-07-12,7.188045978546143,2003-03-10,false,false,251
2003-06-23,8.365800857543945,9.935099601745605,2002-07-12,7.188045978546143,2003-03-10,false,false,251
2003-06-24,8.365800857543945,9.935099601745605,2002-07-12,7.188045978546143,2003-03-10,false,false,251
2003-06-25,8.412537574768066,9.935099601745605,2002-07-12,7.188045978546143,2003-03-10,false,false,251
2003-06-26,8.459274291992188,9.935099601745605,2002-07-12,7.188045978546143,2003-03-10,false,false,251
2003-06-27,8.365800857543945,9.935099601745605,2002-07-12,7.188045978546143,2003-03-10,false,false,251
2003-06-30,8.328413009643555,9.935099601745605,2002-07-12,7.188045978546143,2003-03-10,false,false,251
2003-07-01,8.449926376342773,9.935099601745605,2002-07-12,7.188045978546143,2003-03-10,false,false,251
2003-07-02,8.590134620666504,9.935099601745605,2002-07-12,7.188045978546143,2003-03-10,false,false,251
2003-07-03,8.449926376342773,9.935099601745605,2002-07-12,7.188045978546143,2003-03-10,false,false,251
2003-07-07,8.449926376342773,9.935099601745605,2002-07-12,7.188045978546143,2003-03-10,false,false,251
2003-07-08,8.393842697143555,9.935099601745605,2002-07-12,7.188045978546143,2003-03-10,false,false,251
2003-07-09,8.48731517791748,9.935099601745605,2002-07-12,7.188045978546143,2003-03-10,false,false,251
2003-07-10,8.253633499145508,9.935099601745605,2002-07-12,7.188045978546143,2003-03-10,false,false,251
2003-07-11,8.300370216369629,9.935099601745605,2002-07-12,7.188045978546143,2003-03-10,false,false,251
2003-07-14,8.31906509399414,9.935099601745605,2002-07-12,7.188045978546143,2003-03-10,false,false,251
2003-07-15,8.188202857971191,9.898706436157227,2002-07-17,7.188045978546143,2003-03-10,false,false,251
2003-07-16,8.216245651245117,9.898706436157227,2002-07-17,7.188045978546143,2003-03-10,false,false,251
2003-07-17,8.14146614074707,9.898706436157227,2002-07-17,7.188045978546143,2003-03-10,false,false,251
2003-07-18,8.17885684967041,9.552980422973633,2002-07-23,7.188045978546143,2003-03-10,false,false,251
2003-07-21,8.038647651672363,9.552980422973633,2002-07-23,7.188045978546143,2003-03-10,false,false,251
2003-07-22,8.10407829284668,9.552980422973633,2002-07-23,7.188045978546143,2003-03-10,false,false,251
2003-07-23,7.9825639724731445,9.552980422973633,2002-07-23,7.188045978546143,2003-03-10,false,false,251
2003-07-24,8.132120132446289,9.389214515686035,2002-07-25,7.188045978546143,2003-03-10,false,false,251
2003-07-25,8.17885684967041,9.389214515686035,2002-07-25,7.188045978546143,2003-03-10,false,false,251
2003-07-28,8.300370216369629,9.31643009185791,2002-08-16,7.188045978546143,2003-03-10,false,false,251
2003-07-29,8.328413009643555,9.31643009185791,2002-08-16,7.188045978546143,2003-03-10,false,false,251
2003-07-30,8.291023254394531,9.31643009185791,2002-08-16,7.188045978546143,2003-03-10,false,false,251
2003-07-31,8.477968215942383,9.31643009185791,2002-08-16,7.188045978546143,2003-03-10,false,false,251
2003-08-01,8.69295597076416,9.31643009185791,2002-08-16,7.188045978546143,2003-03-10,false,false,251
2003-08-04,8.702302932739258,9.31643009185791,2002-08-16,7.188045978546143,2003-03-10,false,false,251
2003-08-05,8.711649894714355,9.31643009185791,2002-08-16,7.188045978546143,2003-03-10,false,false,251
2003-08-06,8.496663093566895,9.31643009185791,2002-08-16,7.188045978546143,2003-03-10,false,false,251
2003-08-07,8.253633499145508,9.31643009185791,2002-08-16,7.188045978546143,2003-03-10,false,false,251
2003-08-08,8.1508150100708,9.31643009185791,2002-08-16,7.188045978546143,2003-03-10,false,false,251
2003-08-11,8.262982368469238,9.31643009185791,2002-08-16,7.188045978546143,2003-03-10,false,false,251
2003-08-12,8.24428653717041,9.31643009185791,2002-08-16,7.188045978546143,2003-03-10,false,false,251
2003-08-13,8.300370216369629,9.31643009185791,2002-08-16,7.188045978546143,2003-03-10,false,false,251
2003-08-14,8.48731517791748,9.31643009185791,2002-08-16,7.188045978546143,2003-03-10,false,false,251
2003-08-15,8.412537574768066,9.31643009185791,2002-08-16,7.188045978546143,2003-03-10,false,false,251
2003-08-18,8.31906509399414,9.31643009185791,2002-08-16,7.188045978546143,2003-03-10,false,false,251
2003-08-19,8.34710693359375,9.298234939575195,2002-08-20,7.188045978546143,2003-03-10,false,false,251
2003-08-20,8.281676292419434,9.298234939575195,2002-08-20,7.188045978546143,2003-03-10,false,false,251
2003-08-21,8.524704933166504,9.252744674682617,2002-08-22,7.188045978546143,2003-03-10,false,false,251
2003-08-22,8.777082443237305,9.252744674682617,2002-08-22,7.188045978546143,2003-03-10,false,false,251
2003-08-25,8.646219253540039,9.134468078613281,2002-08-26,7.188045978546143,2003-03-10,false,false,251
2003-08-26,8.599482536315918,9.134468078613281,2002-08-26,7.188045978546143,2003-03-10,false,false,251
2003-08-27,8.636872291564941,9.098076820373535,2002-08-30,7.188045978546143,2003-03-10,false,false,251
2003-08-28,8.711649894714355,9.098076820373535,2002-08-30,7.188045978546143,2003-03-10,false,false,251
2003-08-29,8.627524375915527,9.098076820373535,2002-08-30,7.188045978546143,2003-03-10,false,false,251
2003-09-02,8.627524375915527,9.098076820373535,2002-08-30,7.188045978546143,2003-03-10,false,false,251
2003-09-03,8.749039649963379,8.988900184631348,2002-09-05,7.188045978546143,2003-03-10,false,false,251
2003-09-04,8.795775413513184,8.988900184631348,2002-09-05,7.188045978546143,2003-03-10,false,false,251
2003-09-05,8.926637649536133,8.988900184631348,2002-09-05,7.188045978546143,2003-03-10,false,false,251
2003-09-08,8.93598461151123,8.945330619812012,2003-05-05,7.188045978546143,2003-03-10,false,false,251
2003-09-09,8.879899978637695,8.945330619812012,2003-05-05,7.188045978546143,2003-03-10,false,false,251
2003-09-10,8.608830451965332,8.945330619812012,2003-05-05,7.188045978546143,2003-03-10,false,false,251
2003-09-11,8.767733573913574,8.945330619812012,2003-05-05,7.188045978546143,2003-03-10,false,false,251
2003-09-12,8.758386611938477,8.945330619812012,2003-05-05,7.188045978546143,2003-03-10,false,false,251
2003-09-15,8.823817253112793,8.945330619812012,2003-05-05,7.188045978546143,2003-03-10,false,false,251
2003-09-16,9.06684684753418,9.06684684753418,2003-09-16,7.188045978546143,2003-03-10,true,false,251
2003-09-17,9.34726333618164,9.34726333618164,2003-09-17,7.188045978546143,2003-03-10,true,false,251
2003-09-18,9.627681732177734,9.627681732177734,2003-09-18,7.188045978546143,2003-03-10,true,false,251
2003-09-19,9.79593276977539,9.79593276977539,2003-09-19,7.188045978546143,2003-03-10,true,false,251
2003-09-22,9.739849090576172,9.79593276977539,2003-09-19,7.188045978546143,2003-03-10,false,false,251
2003-09-23,9.973529815673828,9.973529815673828,2003-09-23,7.188045978546143,2003-03-10,true,false,251
2003-09-24,9.79593276977539,9.973529815673828,2003-09-23,7.188045978546143,2003-03-10,false,false,251
2003-09-25,9.665072441101074,9.973529815673828,2003-09-23,7.188045978546143,2003-03-10,false,false,251
2003-09-26,9.861363410949707,9.973529815673828,2003-09-23,7.188045978546143,2003-03-10,false,false,251
2003-09-29,9.973529815673828,9.973529815673828,2003-09-29,7.188045978546143,2003-03-10,true,false,251
2003-09-30,9.833321571350098,9.973529815673828,2003-09-29,7.188045978546143,2003-03-10,false,false,251
2003-10-01,10.19786548614502,10.19786548614502,2003-10-01,7.188045978546143,2003-03-10,true,false,251
2003-10-02,10.104393005371094,10.19786548614502,2003-10-01,7.188045978546143,2003-03-10,false,false,251
2003-10-03,10.19786548614502,10.19786548614502,2003-10-03,7.188045978546143,2003-03-10,true,false,251
2003-10-06,9.749197006225586,10.19786548614502,2003-10-03,7.188045978546143,2003-03-10,false,false,251
2003-10-07,9.72115421295166,10.19786548614502,2003-10-03,7.188045978546143,2003-03-10,false,false,251
2003-10-08,9.711808204650879,10.19786548614502,2003-10-03,7.188045978546143,2003-03-10,false,false,251
2003-10-09,9.908101081848145,10.19786548614502,2003-10-03,7.188045978546143,2003-03-10,false,false,251
2003-10-10,9.99222469329834,10.19786548614502,2003-10-03,7.188045978546143,2003-03-10,false,false,251
2003-10-13,9.889405250549316,10.19786548614502,2003-10-03,7.188045978546143,2003-03-10,false,false,251
2003-10-14,9.833321571350098,10.19786548614502,2003-10-03,7.188045978546143,2003-03-10,false,false,251
2003-10-15,9.982878684997559,10.19786548614502,2003-10-03,7.188045978546143,2003-03-10,false,false,251
2003-10-16,10.132434844970703,10.19786548614502,2003-10-03,7.188045978546143,2003-03-10,false,false,251
2003-10-17,10.179171562194824,10.19786548614502,2003-10-03,7.188045978546143,2003-03-10,false,false,251
2003-10-20,10.24460220336914,10.24460220336914,2003-10-20,7.188045978546143,2003-03-10,true,false,251
2003-10-21,10.085698127746582,10.24460220336914,2003-10-20,7.188045978546143,2003-03-10,false,false,251
2003-10-22,10.113739967346191,10.24460220336914,2003-10-20,7.188045978546143,2003-03-10,false,false,251
2003-10-23,9.99222469329834,10.24460220336914,2003-10-20,7.188045978546143,2003-03-10,false,false,251
2003-10-24,9.767890930175781,10.24460220336914,2003-10-20,7.188045978546143,2003-03-10,false,false,251
2003-10-27,10.001572608947754,10.24460220336914,2003-10-20,7.188045978546143,2003-03-10,false,false,251
2003-10-28,10.001572608947754,10.24460220336914,2003-10-20,7.188045978546143,2003-03-10,false,false,251
2003-10-29,10.095046043395996,10.24460220336914,2003-10-20,7.188045978546143,2003-03-10,false,false,251
2003-10-30,10.281990051269531,10.281990051269531,2003-10-30,7.188045978546143,2003-03-10,true,false,251
2003-10-31,10.1417818069458,10.281990051269531,2003-10-30,7.188045978546143,2003-03-10,false,false,251
2003-11-03,10.113739967346191,10.281990051269531,2003-10-30,7.188045978546143,2003-03-10,false,false,251
2003-11-04,9.85201644897461,10.281990051269531,2003-10-30,7.188045978546143,2003-03-10,false,false,251
2003-11-05,9.777237892150879,10.281990051269531,2003-10-30,7.188045978546143,2003-03-10,false,false,251
2003-11-06,9.786585807800293,10.281990051269531,2003-10-30,7.188045978546143,2003-03-10,false,false,251
2003-11-07,9.58094596862793,10.281990051269531,2003-10-30,7.188045978546143,2003-03-10,false,false,251
2003-11-10,9.571598052978516,10.281990051269531,2003-10-30,7.188045978546143,2003-03-10,false,false,251
2003-11-11,9.45008373260498,10.281990051269531,2003-10-30,7.188045978546143,2003-03-10,false,false,251
2003-11-12,9.711808204650879,10.281990051269531,2003-10-30,7.188045978546143,2003-03-10,false,false,251
2003-11-13,9.814627647399902,10.281990051269531,2003-10-30,7.188045978546143,2003-03-10,false,false,251
2003-11-14,10.048309326171875,10.281990051269531,2003-10-30,7.188045978546143,2003-03-10,false,false,251
2003-11-17,10.048309326171875,10.281990051269531,2003-10-30,7.188045978546143,2003-03-10,false,false,251
2003-11-18,9.99222469329834,10.281990051269531,2003-10-30,7.188045978546143,2003-03-10,false,false,251
2003-11-19,10.188517570495605,10.281990051269531,2003-10-30,7.188045978546143,2003-03-10,false,false,251
2003-11-20,10.23525333404541,10.281990051269531,2003-10-30,7.188045978546143,2003-03-10,false,false,251
2003-11-21,10.253949165344238,10.281990051269531,2003-10-30,7.188045978546143,2003-03-10,false,false,251
2003-11-24,10.281990051269531,10.281990051269531,2003-11-24,7.188045978546143,2003-03-10,true,false,251
2003-11-25,10.272643089294434,10.281990051269531,2003-11-24,7.188045978546143,2003-03-10,false,false,251
2003-11-26,10.272643089294434,10.281990051269531,2003-11-24,7.188045978546143,2003-03-10,false,false,251
2003-11-28,10.637187004089355,10.637187004089355,2003-11-28,7.188045978546143,2003-03-10,true,false,251
2003-12-01,10.861519813537598,10.861519813537598,2003-12-01,7.188045978546143,2003-03-10,true,false,251
2003-12-02,10.637187004089355,10.861519813537598,2003-12-01,7.188045978546143,2003-03-10,false,false,251
2003-12-03,10.23525333404541,10.861519813537598,2003-12-01,7.188045978546143,2003-03-10,false,false,251
2003-12-04,10.001572608947754,10.861519813537598,2003-12-01,7.188045978546143,2003-03-10,false,false,251
2003-12-05,9.646376609802246,10.861519813537598,2003-12-01,7.188045978546143,2003-03-10,false,false,251
2003-12-08,9.945488929748535,10.861519813537598,2003-12-01,7.188045978546143,2003-03-10,false,false,251
2003-12-09,9.823974609375,10.861519813537598,2003-12-01,7.188045978546143,2003-03-10,false,false,251
2003-12-10,9.805279731750488,10.861519813537598,2003-12-01,7.188045978546143,2003-03-10,false,false,251
2003-12-11,9.711808204650879,10.861519813537598,2003-12-01,7.188045978546143,2003-03-10,false,false,251
2003-12-12,9.552905082702637,10.861519813537598,2003-12-01,7.188045978546143,2003-03-10,false,false,251
2003-12-15,9.674418449401855,10.861519813537598,2003-12-01,7.188045978546143,2003-03-10,false,false,251
2003-12-16,9.590292930603027,10.861519813537598,2003-12-01,7.188045978546143,2003-03-10,false,false,251
2003-12-17,9.459430694580078,10.861519813537598,2003-12-01,7.188045978546143,2003-03-10,false,false,251
2003-12-18,9.842669486999512,10.861519813537598,2003-12-01,7.188045978546143,2003-03-10,false,false,251
2003-12-19,9.758543968200684,10.861519813537598,2003-12-01,7.188045978546143,2003-03-10,false,false,251
2003-12-22,9.861363410949707,10.861519813537598,2003-12-01,7.188045978546143,2003-03-10,false,false,251
2003-12-23,10.076350212097168,10.861519813537598,2003-12-01,7.188045978546143,2003-03-10,false,false,251
2003-12-24,9.99222469329834,10.861519813537598,2003-12-01,7.188045978546143,2003-03-10,false,false,251
2003-12-26,10.075220108032227,10.861519813537598,2003-12-01,7.188045978546143,2003-03-10,false,false,251
2003-12-29,10.065569877624512,10.861519813537598,2003-12-01,7.188045978546143,2003-03-10,false,false,251
2003-12-30,9.998015403747559,10.861519813537598,2003-12-01,7.188045978546143,2003-03-10,false,false,251
2003-12-31,10.026968002319336,10.861519813537598,2003-12-01,7.188045978546143,2003-03-10,false,false,251
2004-01-02,10.036617279052734,10.861519813537598,2003-12-01,7.188045978546143,2003-03-10,false,false,251
2004-01-05,10.104172706604004,10.861519813537598,2003-12-01,7.188045978546143,2003-03-10,false,false,251
2004-01-06,9.911161422729492,10.861519813537598,2003-12-01,7.188045978546143,2003-03-10,false,false,251
2004-01-07,9.862908363342285,10.861519813537598,2003-12-01,7.188045978546143,2003-03-10,false,false,251
2004-01-08,9.737449645996094,10.861519813537598,2003-12-01,7.188045978546143,2003-03-10,false,false,251
2004-01-09,9.563738822937012,10.861519813537598,2003-12-01,7.188045978546143,2003-03-10,false,false,251
2004-01-12,9.447931289672852,10.861519813537598,2003-12-01,7.188045978546143,2003-03-10,false,false,251
2004-01-13,9.418980598449707,10.861519813537598,2003-12-01,7.188045978546143,2003-03-10,false,false,251
2004-01-14,9.698847770690918,10.861519813537598,2003-12-01,7.188045978546143,2003-03-10,false,false,251
2004-01-15,9.698847770690918,10.861519813537598,2003-12-01,7.188045978546143,2003-03-10,false,false,251
2004-01-16,9.718148231506348,10.861519813537598,2003-12-01,7.188045978546143,2003-03-10,false,false,251
2004-01-20,9.698847770690918,10.861519813537598,2003-12-01,7.188045978546143,2003-03-10,false,false,251
2004-01-21,9.911161422729492,10.861519813537598,2003-12-01,7.188045978546143,2003-03-10,false,false,251
2004-01-22,9.911161422729492,10.861519813537598,2003-12-01,7.188045978546143,2003-03-10,false,false,251
2004-01-23,10.00766658782959,10.861519813537598,2003-12-01,7.188045978546143,2003-03-10,false,false,251
2004-01-26,9.795353889465332,10.861519813537598,2003-12-01,7.188045978546143,2003-03-10,false,false,251
2004-01-27,9.795353889465332,10.861519813537598,2003-12-01,7.188045978546143,2003-03-10,false,false,251
2004-01-28,9.747100830078125,10.861519813537598,2003-12-01,7.188045978546143,2003-03-10,false,false,251
2004-01-29,9.882208824157715,10.861519813537598,2003-12-01,7.188045978546143,2003-03-10,false,false,251
2004-01-30,9.689196586608887,10.861519813537598,2003-12-01,7.188045978546143,2003-03-10,false,false,251
2004-02-02,9.814655303955078,10.861519813537598,2003-12-01,7.188045978546143,2003-03-10,false,false,251
2004-02-03,9.669896125793457,10.861519813537598,2003-12-01,7.188045978546143,2003-03-10,false,false,251
2004-02-04,9.833955764770508,10.861519813537598,2003-12-01,7.188045978546143,2003-03-10,false,false,251
2004-02-05,10.094522476196289,10.861519813537598,2003-12-01,7.188045978546143,2003-03-10,false,false,251
2004-02-06,9.814655303955078,10.861519813537598,2003-12-01,7.188045978546143,2003-03-10,false,false,251
2004-02-09,9.756750106811523,10.861519813537598,2003-12-01,7.188045978546143,2003-03-10,false,false,251
2004-02-10,9.930461883544922,10.861519813537598,2003-12-01,7.188045978546143,2003-03-10,false,false,251
2004-02-11,10.316484451293945,10.861519813537598,2003-12-01,7.188045978546143,2003-03-10,false,false,251
2004-02-12,10.219979286193848,10.861519813537598,2003-12-01,7.188045978546143,2003-03-10,false,false,251
2004-02-13,10.384039878845215,10.861519813537598,2003-12-01,7.188045978546143,2003-03-10,false,false,251
2004-02-17,10.181377410888672,10.861519813537598,2003-12-01,7.188045978546143,2003-03-10,false,false,251
2004-02-18,10.25858211517334,10.861519813537598,2003-12-01,7.188045978546143,2003-03-10,false,false,251
2004-02-19,10.229630470275879,10.861519813537598,2003-12-01,7.188045978546143,2003-03-10,false,false,251
2004-02-20,9.988365173339844,10.861519813537598,2003-12-01,7.188045978546143,2003-03-10,false,false,251
2004-02-23,9.978714942932129,10.861519813537598,2003-12-01,7.188045978546143,2003-03-10,false,false,251
2004-02-24,10.075220108032227,10.861519813537598,2003-12-01,7.188045978546143,2003-03-10,false,false,251
2004-02-25,9.814655303955078,10.861519813537598,2003-12-01,7.188045978546143,2003-03-10,false,false,251
2004-02-26,9.988365173339844,10.861519813537598,2003-12-01,7.188045978546143,2003-03-10,false,false,251
2004-02-27,9.969063758850098,10.861519813537598,2003-12-01,7.188045978546143,2003-03-10,false,false,251
2004-03-01,10.133124351501465,10.861519813537598,2003-12-01,7.188045978546143,2003-03-10,false,false,251
2004-03-02,10.2875337600708,10.861519813537598,2003-12-01,7.188045978546143,2003-03-10,false,false,251
2004-03-03,10.403341293334961,10.861519813537598,2003-12-01,7.188045978546143,2003-03-10,false,false,251
2004-03-04,10.837616920471191,10.861519813537598,2003-12-01,7.188045978546143,2003-03-10,false,false,251
2004-03-05,10.53844928741455,10.861519813537598,2003-12-01,7.188045978546143,2003-03-10,false,false,251
2004-03-08,10.50949764251709,10.861519813537598,2003-12-01,7.188045978546143,2003-03-10,false,false,251
2004-03-09,10.480545043945312,10.861519813537598,2003-12-01,7.188045978546143,2003-03-10,false,false,251
2004-03-10,10.3743896484375,10.861519813537598,2003-12-01,7.290865898132324,2003-03-12,false,false,251
2004-03-11,10.104172706604004,10.861519813537598,2003-12-01,7.290865898132324,2003-03-12,false,false,251
2004-03-12,9.959413528442383,10.861519813537598,2003-12-01,7.328255653381348,2003-03-26,false,false,251
2004-03-15,9.872557640075684,10.861519813537598,2003-12-01,7.328255653381348,2003-03-26,false,false,251
2004-03-16,9.998015403747559,10.861519813537598,2003-12-01,7.328255653381348,2003-03-26,false,false,251
2004-03-17,10.480545043945312,10.861519813537598,2003-12-01,7.328255653381348,2003-03-26,false,false,251
2004-03-18,10.306835174560547,10.861519813537598,2003-12-01,7.328255653381348,2003-03-26,false,false,251
2004-03-19,10.191028594970703,10.861519813537598,2003-12-01,7.328255653381348,2003-03-26,false,false,251
2004-03-22,9.911161422729492,10.861519813537598,2003-12-01,7.328255653381348,2003-03-26,false,false,251
2004-03-23,9.814655303955078,10.861519813537598,2003-12-01,7.328255653381348,2003-03-26,false,false,251
2004-03-24,9.833955764770508,10.861519813537598,2003-12-01,7.328255653381348,2003-03-26,false,false,251
2004-03-25,9.978714942932129,10.861519813537598,2003-12-01,7.328255653381348,2003-03-26,false,false,251
2004-03-26,10.12347412109375,10.861519813537598,2003-12-01,7.374991416931152,2003-04-01,false,false,251
2004-03-29,10.181377410888672,10.861519813537598,2003-12-01,7.374991416931152,2003-04-01,false,false,251
2004-03-30,10.036617279052734,10.861519813537598,2003-12-01,7.374991416931152,2003-04-01,false,false,251
2004-03-31,9.959413528442383,10.861519813537598,2003-12-01,7.374991416931152,2003-04-01,false,false,251
2004-04-01,10.200677871704102,10.861519813537598,2003-12-01,7.496506690979004,2003-04-03,false,false,251
2004-04-02,10.229630470275879,10.861519813537598,2003-12-01,7.496506690979004,2003-04-03,false,false,251
2004-04-05,10.268232345581055,10.861519813537598,2003-12-01,7.711493015289307,2003-04-09,false,false,251
2004-04-06,10.268232345581055,10.861519813537598,2003-12-01,7.711493015289307,2003-04-09,false,false,251
2004-04-07,10.133124351501465,10.861519813537598,2003-12-01,7.711493015289307,2003-04-09,false,false,251
2004-04-08,9.988365173339844,10.861519813537598,2003-12-01,7.711493015289307,2003-04-09,false,false,251
2004-04-12,9.824305534362793,10.861519813537598,2003-12-01,7.9825639724731445,2003-07-23,false,false,250
2004-04-13,9.7857027053833,10.861519813537598,2003-12-01,7.9825639724731445,2003-07-23,false,false,250
2004-04-14,9.727798461914062,10.861519813537598,2003-12-01,7.9825639724731445,2003-07-23,false,false,250
2004-04-15,9.708498001098633,10.861519813537598,2003-12-01,7.9825639724731445,2003-07-23,false,false,250
2004-04-16,9.650594711303711,10.861519813537598,2003-12-01,7.9825639724731445,2003-07-23,false,false,250
2004-04-19,9.718148231506348,10.861519813537598,2003-12-01,7.9825639724731445,2003-07-23,false,false,251
2004-04-20,9.467233657836914,10.861519813537598,2003-12-01,7.9825639724731445,2003-07-23,false,false,251
2004-04-21,9.534788131713867,10.861519813537598,2003-12-01,7.9825639724731445,2003-07-23,false,false,251
2004-04-22,9.225969314575195,10.861519813537598,2003-12-01,7.9825639724731445,2003-07-23,false,false,251
2004-04-23,9.399678230285645,10.861519813537598,2003-12-01,7.9825639724731445,2003-07-23,false,false,251
2004-04-26,9.264571189880371,10.861519813537598,2003-12-01,7.9825639724731445,2003-07-23,false,false,251
2004-04-27,9.254920959472656,10.861519813537598,2003-12-01,7.9825639724731445,2003-07-23,false,false,251
2004-04-28,9.052257537841797,10.861519813537598,2003-12-01,7.9825639724731445,2003-07-23,false,false,251
2004-04-29,8.975053787231445,10.861519813537598,2003-12-01,7.9825639724731445,2003-07-23,false,false,251
2004-04-30,9.061908721923828,10.861519813537598,2003-12-01,7.9825639724731445,2003-07-23,false,false,251
2004-05-03,9.177715301513672,10.861519813537598,2003-12-01,7.9825639724731445,2003-07-23,false,false,251
2004-05-04,9.187365531921387,10.861519813537598,2003-12-01,7.9825639724731445,2003-07-23,false,false,251
2004-05-05,9.16806411743164,10.861519813537598,2003-12-01,7.9825639724731445,2003-07-23,false,false,251
2004-05-06,9.071557998657227,10.861519813537598,2003-12-01,7.9825639724731445,2003-07-23,false,false,251
2004-05-07,9.013655662536621,10.861519813537598,2003-12-01,7.9825639724731445,2003-07-23,false,false,251
2004-05-10,8.839943885803223,10.861519813537598,2003-12-01,7.9825639724731445,2003-07-23,false,false,251
2004-05-11,8.849595069885254,10.861519813537598,2003-12-01,7.9825639724731445,2003-07-23,false,false,251
2004-05-12,8.637282371520996,10.861519813537598,2003-12-01,7.9825639724731445,2003-07-23,false,false,251
2004-05-13,8.714487075805664,10.861519813537598,2003-12-01,7.9825639724731445,2003-07-23,false,false,251
2004-05-14,8.73378849029541,10.861519813537598,2003-12-01,7.9825639724731445,2003-07-23,false,false,251
2004-05-17,8.646933555603027,10.861519813537598,2003-12-01,7.9825639724731445,2003-07-23,false,false,251
2004-05-18,8.569727897644043,10.861519813537598,2003-12-01,7.9825639724731445,2003-07-23,false,false,251
2004-05-19,8.685535430908203,10.861519813537598,2003-12-01,7.9825639724731445,2003-07-23,false,false,251
2004-05-20,8.656583786010742,10.861519813537598,2003-12-01,7.9825639724731445,2003-07-23,false,false,251
2004-05-21,8.589028358459473,10.861519813537598,2003-12-01,7.9825639724731445,2003-07-23,false,false,251
2004-05-24,8.463571548461914,10.861519813537598,2003-12-01,7.9825639724731445,2003-07-23,false,false,251
2004-05-25,8.53112506866455,10.861519813537598,2003-12-01,7.9825639724731445,2003-07-23,false,false,252
2004-05-26,8.675884246826172,10.861519813537598,2003-12-01,7.9825639724731445,2003-07-23,false,false,252
2004-05-27,8.627631187438965,10.861519813537598,2003-12-01,7.9825639724731445,2003-07-23,false,false,252
2004-05-28,8.637282371520996,10.861519813537598,2003-12-01,7.9825639724731445,2003-07-23,false,false,252
2004-06-01,8.608329772949219,10.861519813537598,2003-12-01,7.9825639724731445,2003-07-23,false,false,251
2004-06-02,8.521474838256836,10.861519813537598,2003-12-01,7.9825639724731445,2003-07-23,false,false,251
2004-06-03,8.53112506866455,10.861519813537598,2003-12-01,7.9825639724731445,2003-07-23,false,false,251
2004-06-04,8.511823654174805,10.861519813537598,2003-12-01,7.9825639724731445,2003-07-23,false,false,251
2004-06-07,8.791690826416016,10.861519813537598,2003-12-01,7.9825639724731445,2003-07-23,false,false,251
2004-06-08,8.782041549682617,10.861519813537598,2003-12-01,7.9825639724731445,2003-07-23,false,false,251
2004-06-09,8.782041549682617,10.861519813537598,2003-12-01,7.9825639724731445,2003-07-23,false,false,251
2004-06-10,8.70483684539795,10.861519813537598,2003-12-01,7.9825639724731445,2003-07-23,false,false,251
2004-06-14,8.521474838256836,10.861519813537598,2003-12-01,7.9825639724731445,2003-07-23,false,false,250
2004-06-15,8.569727897644043,10.861519813537598,2003-12-01,7.9825639724731445,2003-07-23,false,false,250
2004-06-16,8.540776252746582,10.861519813537598,2003-12-01,7.9825639724731445,2003-07-23,false,false,250
2004-06-17,8.714487075805664,10.861519813537598,2003-12-01,7.9825639724731445,2003-07-23,false,false,250
2004-06-18,8.598679542541504,10.861519813537598,2003-12-01,7.9825639724731445,2003-07-23,false,false,250
2004-06-21,8.695185661315918,10.861519813537598,2003-12-01,7.9825639724731445,2003-07-23,false,false,250
2004-06-22,8.627631187438965,10.861519813537598,2003-12-01,7.9825639724731445,2003-07-23,false,false,250
2004-06-23,8.724137306213379,10.861519813537598,2003-12-01,7.9825639724731445,2003-07-23,false,false,250
2004-06-24,8.946102142333984,10.861519813537598,2003-12-01,7.9825639724731445,2003-07-23,false,false,250
2004-06-25,8.782041549682617,10.861519813537598,2003-12-01,7.9825639724731445,2003-07-23,false,false,250
2004-06-28,8.782041549682617,10.861519813537598,2003-12-01,7.9825639724731445,2003-07-23,false,false,250
2004-06-29,8.868895530700684,10.861519813537598,2003-12-01,7.9825639724731445,2003-07-23,false,false,250
2004-06-30,8.839943885803223,10.861519813537598,2003-12-01,7.9825639724731445,2003-07-23,false,false,250
2004-07-01,8.73378849029541,10.861519813537598,2003-12-01,7.9825639724731445,2003-07-23,false,false,250
2004-07-02,8.656583786010742,10.861519813537598,2003-12-01,7.9825639724731445,2003-07-23,false,false,250
2004-07-06,8.666234016418457,10.861519813537598,2003-12-01,7.9825639724731445,2003-07-23,false,false,250
2004-07-07,8.897848129272461,10.861519813537598,2003-12-01,7.9825639724731445,2003-07-23,false,false,250
2004-07-08,8.839943885803223,10.861519813537598,2003-12-01,7.9825639724731445,2003-07-23,false,false,250
2004-07-09,8.868895530700684,10.861519813537598,2003-12-01,7.9825639724731445,2003-07-23,false,false,250
2004-07-12,8.88819694519043,10.861519813537598,2003-12-01,7.9825639724731445,2003-07-23,false,false,250
2004-07-13,8.830293655395508,10.861519813537598,2003-12-01,7.9825639724731445,2003-07-23,false,false,250
2004-07-14,8.830293655395508,10.861519813537598,2003-12-01,7.9825639724731445,2003-07-23,false,false,250
2004-07-15,8.868895530700684,10.861519813537598,2003-12-01,7.9825639724731445,2003-07-23,false,false,250
2004-07-16,8.936450958251953,10.861519813537598,2003-12-01,7.9825639724731445,2003-07-23,false,false,250
2004-07-19,9.264571189880371,10.861519813537598,2003-12-01,7.9825639724731445,2003-07-23,false,false,250
2004-07-20,9.139113426208496,10.861519813537598,2003-12-01,7.9825639724731445,2003-07-23,false,false,250
2004-07-21,9.264571189880371,10.861519813537598,2003-12-01,7.9825639724731445,2003-07-23,false,false,250
2004-07-22,9.129462242126465,10.861519813537598,2003-12-01,7.9825639724731445,2003-07-23,false,false,250
2004-07-23,9.023305892944336,10.861519813537598,2003-12-01,8.1508150100708,2003-08-08,false,false,250
2004-07-26,9.081209182739258,10.861519813537598,2003-12-01,8.1508150100708,2003-08-08,false,false,250
2004-07-27,9.071557998657227,10.861519813537598,2003-12-01,8.1508150100708,2003-08-08,false,false,250
2004-07-28,9.100510597229004,10.861519813537598,2003-12-01,8.1508150100708,2003-08-08,false,false,250
2004-07-29,8.98470401763916,10.861519813537598,2003-12-01,8.1508150100708,2003-08-08,false,false,250
2004-07-30,8.946102142333984,10.861519813537598,2003-12-01,8.1508150100708,2003-08-08,false,false,250
2004-08-02,9.023305892944336,10.861519813537598,2003-12-01,8.1508150100708,2003-08-08,false,false,250
2004-08-03,9.090860366821289,10.861519813537598,2003-12-01,8.1508150100708,2003-08-08,false,false,250
2004-08-04,9.119811058044434,10.861519813537598,2003-12-01,8.1508150100708,2003-08-08,false,false,250
2004-08-05,9.100510597229004,10.861519813537598,2003-12-01,8.1508150100708,2003-08-08,false,false,250
2004-08-06,8.859245300292969,10.861519813537598,2003-12-01,8.1508150100708,2003-08-08,false,false,250
2004-08-09,8.926800727844238,10.861519813537598,2003-12-01,8.1508150100708,2003-08-08,false,false,250
2004-08-10,8.926800727844238,10.861519813537598,2003-12-01,8.24428653717041,2003-08-12,false,false,250
2004-08-11,8.965402603149414,10.861519813537598,2003-12-01,8.24428653717041,2003-08-12,false,false,250
2004-08-12,9.274221420288086,10.861519813537598,2003-12-01,8.281676292419434,2003-08-20,false,false,250
2004-08-13,9.409329414367676,10.861519813537598,2003-12-01,8.281676292419434,2003-08-20,false,false,250
2004-08-16,9.409329414367676,10.861519813537598,2003-12-01,8.281676292419434,2003-08-20,false,false,250
2004-08-17,9.380377769470215,10.861519813537598,2003-12-01,8.281676292419434,2003-08-20,false,false,250
2004-08-18,9.583041191101074,10.861519813537598,2003-12-01,8.281676292419434,2003-08-20,false,false,250
2004-08-19,9.563738822937012,10.861519813537598,2003-12-01,8.281676292419434,2003-08-20,false,false,250
2004-08-20,9.602341651916504,10.861519813537598,2003-12-01,8.463571548461914,2004-05-24,false,false,250
2004-08-23,9.563738822937012,10.861519813537598,2003-12-01,8.463571548461914,2004-05-24,false,false,250
2004-08-24,9.534788131713867,10.861519813537598,2003-12-01,8.463571548461914,2004-05-24,false,false,250
2004-08-25,9.650594711303711,10.861519813537598,2003-12-01,8.463571548461914,2004-05-24,false,false,250
2004-08-26,9.611991882324219,10.861519813537598,2003-12-01,8.463571548461914,2004-05-24,false,false,250
2004-08-27,9.64094352722168,10.861519813537598,2003-12-01,8.463571548461914,2004-05-24,false,false,250
2004-08-30,9.602341651916504,10.861519813537598,2003-12-01,8.463571548461914,2004-05-24,false,false,250
2004-08-31,9.689196586608887,10.861519813537598,2003-12-01,8.463571548461914,2004-05-24,false,false,251
2004-09-01,9.833955764770508,10.861519813537598,2003-12-01,8.463571548461914,2004-05-24,false,false,251
2004-09-02,10.017316818237305,10.861519813537598,2003-12-01,8.463571548461914,2004-05-24,false,false,251
2004-09-03,10.229630470275879,10.861519813537598,2003-12-01,8.463571548461914,2004-05-24,false,false,251
2004-09-07,10.191028594970703,10.861519813537598,2003-12-01,8.463571548461914,2004-05-24,false,false,250
2004-09-08,10.181377410888672,10.861519813537598,2003-12-01,8.463571548461914,2004-05-24,false,false,250
2004-09-09,10.171727180480957,10.861519813537598,2003-12-01,8.463571548461914,2004-05-24,false,false,250
2004-09-10,10.248930931091309,10.861519813537598,2003-12-01,8.463571548461914,2004-05-24,false,false,250
2004-09-13,10.335786819458008,10.861519813537598,2003-12-01,8.463571548461914,2004-05-24,false,false,250
2004-09-14,10.393691062927246,10.861519813537598,2003-12-01,8.463571548461914,2004-05-24,false,false,250
2004-09-15,10.403341293334961,10.861519813537598,2003-12-01,8.463571548461914,2004-05-24,false,false,250
2004-09-16,10.480545043945312,10.861519813537598,2003-12-01,8.463571548461914,2004-05-24,false,false,250
2004-09-17,10.567400932312012,10.861519813537598,2003-12-01,8.463571548461914,2004-05-24,false,false,250
2004-09-20,10.577051162719727,10.861519813537598,2003-12-01,8.463571548461914,2004-05-24,false,false,250
2004-09-21,10.548099517822266,10.861519813537598,2003-12-01,8.463571548461914,2004-05-24,false,false,250
2004-09-22,10.268232345581055,10.861519813537598,2003-12-01,8.463571548461914,2004-05-24,false,false,250
2004-09-23,10.316484451293945,10.861519813537598,2003-12-01,8.463571548461914,2004-05-24,false,false,250
2004-09-24,10.268232345581055,10.861519813537598,2003-12-01,8.463571548461914,2004-05-24,false,false,250
2004-09-27,10.210329055786133,10.861519813537598,2003-12-01,8.463571548461914,2004-05-24,false,false,250
2004-09-28,10.133124351501465,10.861519813537598,2003-12-01,8.463571548461914,2004-05-24,false,false,250
2004-09-29,10.181377410888672,10.861519813537598,2003-12-01,8.463571548461914,2004-05-24,false,false,250
2004-09-30,10.181377410888672,10.861519813537598,2003-12-01,8.463571548461914,2004-05-24,false,false,250
2004-10-01,10.326135635375977,10.861519813537598,2003-12-01,8.463571548461914,2004-05-24,false,false,250
2004-10-04,10.480545043945312,10.861519813537598,2003-12-01,8.463571548461914,2004-05-24,false,false,250
2004-10-05,10.326135635375977,10.861519813537598,2003-12-01,8.463571548461914,2004-05-24,false,false,250
2004-10-06,10.306835174560547,10.861519813537598,2003-12-01,8.463571548461914,2004-05-24,false,false,250
2004-10-07,10.326135635375977,10.861519813537598,2003-12-01,8.463571548461914,2004-05-24,false,false,250
2004-10-08,10.490196228027344,10.861519813537598,2003-12-01,8.463571548461914,2004-05-24,false,false,250
2004-10-11,10.461244583129883,10.861519813537598,2003-12-01,8.463571548461914,2004-05-24,false,false,250
2004-10-12,10.25858211517334,10.861519813537598,2003-12-01,8.463571548461914,2004-05-24,false,false,250
2004-10-13,10.248930931091309,10.861519813537598,2003-12-01,8.463571548461914,2004-05-24,false,false,250
2004-10-14,10.142775535583496,10.861519813537598,2003-12-01,8.463571548461914,2004-05-24,false,false,250
2004-10-15,10.248930931091309,10.861519813537598,2003-12-01,8.463571548461914,2004-05-24,false,false,250
2004-10-18,10.345437049865723,10.861519813537598,2003-12-01,8.463571548461914,2004-05-24,false,false,250
2004-10-19,10.297183990478516,10.861519813537598,2003-12-01,8.463571548461914,2004-05-24,false,false,250
2004-10-20,10.200677871704102,10.861519813537598,2003-12-01,8.463571548461914,2004-05-24,false,false,250
2004-10-21,10.27788257598877,10.861519813537598,2003-12-01,8.463571548461914,2004-05-24,false,false,250
2004-10-22,10.27788257598877,10.861519813537598,2003-12-01,8.463571548461914,2004-05-24,false,false,250
2004-10-25,10.162075996398926,10.861519813537598,2003-12-01,8.463571548461914,2004-05-24,false,false,250
2004-10-26,10.306835174560547,10.861519813537598,2003-12-01,8.463571548461914,2004-05-24,false,false,250
2004-10-27,10.499847412109375,10.861519813537598,2003-12-01,8.463571548461914,2004-05-24,false,false,250
2004-10-28,11.069231986999512,11.069231986999512,2004-10-28,8.463571548461914,2004-05-24,true,false,250
2004-10-29,11.078882217407227,11.078882217407227,2004-10-29,8.463571548461914,2004-05-24,true,false,250
2004-11-01,11.001677513122559,11.078882217407227,2004-10-29,8.463571548461914,2004-05-24,false,false,250
2004-11-02,11.01132869720459,11.078882217407227,2004-10-29,8.463571548461914,2004-05-24,false,false,250
2004-11-03,11.098183631896973,11.098183631896973,2004-11-03,8.463571548461914,2004-05-24,true,false,250
2004-11-04,11.069231986999512,11.098183631896973,2004-11-03,8.463571548461914,2004-05-24,false,false,250
2004-11-05,11.44560432434082,11.44560432434082,2004-11-05,8.463571548461914,2004-05-24,true,false,250
2004-11-08,11.42630386352539,11.44560432434082,2004-11-05,8.463571548461914,2004-05-24,false,false,250
2004-11-09,11.44560432434082,11.44560432434082,2004-11-09,8.463571548461914,2004-05-24,true,false,250
2004-11-10,11.696520805358887,11.696520805358887,2004-11-10,8.463571548461914,2004-05-24,true,false,250
2004-11-11,11.870231628417969,11.870231628417969,2004-11-11,8.463571548461914,2004-05-24,true,false,250
2004-11-12,11.744773864746094,11.870231628417969,2004-11-11,8.463571548461914,2004-05-24,false,false,250
2004-11-15,11.908834457397461,11.908834457397461,2004-11-15,8.463571548461914,2004-05-24,true,false,250
2004-11-16,11.860581398010254,11.908834457397461,2004-11-15,8.463571548461914,2004-05-24,false,false,250
2004-11-17,12.285205841064453,12.285205841064453,2004-11-17,8.463571548461914,2004-05-24,true,false,250
2004-11-18,12.294857025146484,12.294857025146484,2004-11-18,8.463571548461914,2004-05-24,true,false,250
2004-11-19,12.06324291229248,12.294857025146484,2004-11-18,8.463571548461914,2004-05-24,false,false,250
2004-11-22,12.024641036987305,12.294857025146484,2004-11-18,8.463571548461914,2004-05-24,false,false,250
2004-11-23,12.188701629638672,12.294857025146484,2004-11-18,8.463571548461914,2004-05-24,false,false,250
2004-11-24,12.44926643371582,12.44926643371582,2004-11-24,8.463571548461914,2004-05-24,true,false,250
2004-11-26,12.507170677185059,12.507170677185059,2004-11-26,8.463571548461914,2004-05-24,true,false,250
2004-11-29,13.153759956359863,13.153759956359863,2004-11-29,8.463571548461914,2004-05-24,true,false,250
2004-11-30,13.009001731872559,13.153759956359863,2004-11-29,8.463571548461914,2004-05-24,false,false,250
2004-12-01,13.04760456085205,13.153759956359863,2004-11-29,8.463571548461914,2004-05-24,false,false,250
2004-12-02,13.03795337677002,13.153759956359863,2004-11-29,8.463571548461914,2004-05-24,false,false,250
2004-12-03,13.086206436157227,13.153759956359863,2004-11-29,8.463571548461914,2004-05-24,false,false,250
2004-12-06,13.115158081054688,13.153759956359863,2004-11-29,8.463571548461914,2004-05-24,false,false,250
2004-12-07,13.028303146362305,13.153759956359863,2004-11-29,8.463571548461914,2004-05-24,false,false,250
2004-12-08,13.259916305541992,13.259916305541992,2004-12-08,8.463571548461914,2004-05-24,true,false,250
2004-12-09,13.182711601257324,13.259916305541992,2004-12-08,8.463571548461914,2004-05-24,false,false,250
2004-12-10,12.738784790039062,13.259916305541992,2004-12-08,8.463571548461914,2004-05-24,false,false,250
2004-12-13,12.960748672485352,13.259916305541992,2004-12-08,8.463571548461914,2004-05-24,false,false,250
2004-12-14,12.92214584350586,13.259916305541992,2004-12-08,8.463571548461914,2004-05-24,false,false,250
2004-12-15,13.346772193908691,13.346772193908691,2004-12-15,8.463571548461914,2004-05-24,true,false,250
2004-12-16,12.941447257995605,13.346772193908691,2004-12-15,8.463571548461914,2004-05-24,false,false,250
2004-12-17,12.931796073913574,13.346772193908691,2004-12-15,8.463571548461914,2004-05-24,false,false,250
2004-12-20,13.192362785339355,13.346772193908691,2004-12-15,8.463571548461914,2004-05-24,false,false,250
2004-12-21,13.395025253295898,13.395025253295898,2004-12-21,8.463571548461914,2004-05-24,true,false,250
2004-12-22,13.269567489624023,13.395025253295898,2004-12-21,8.463571548461914,2004-05-24,false,false,250
2004-12-23,12.902844429016113,13.395025253295898,2004-12-21,8.463571548461914,2004-05-24,false,false,250
2004-12-27,12.806339263916016,13.395025253295898,2004-12-21,8.463571548461914,2004-05-24,false,false,250
2004-12-28,12.79175853729248,13.395025253295898,2004-12-21,8.463571548461914,2004-05-24,false,false,250
2004-12-29,12.752877235412598,13.395025253295898,2004-12-21,8.463571548461914,2004-05-24,false,false,250
2004-12-30,12.8597993850708,13.395025253295898,2004-12-21,8.463571548461914,2004-05-24,false,false,250
2004-12-31,12.86952018737793,13.395025253295898,2004-12-21,8.463571548461914,2004-05-24,false,false,251
2005-01-03,12.918120384216309,13.395025253295898,2004-12-21,8.463571548461914,2004-05-24,false,false,251
2005-01-04,12.684836387634277,13.395025253295898,2004-12-21,8.463571548461914,2004-05-24,false,false,251
2005-01-05,12.40295124053955,13.395025253295898,2004-12-21,8.463571548461914,2004-05-24,false,false,251
2005-01-06,12.189106941223145,13.395025253295898,2004-12-21,8.463571548461914,2004-05-24,false,false,251
2005-01-07,12.091904640197754,13.395025253295898,2004-12-21,8.463571548461914,2004-05-24,false,false,251
2005-01-10,12.091904640197754,13.395025253295898,2004-12-21,8.463571548461914,2004-05-24,false,false,251
2005-01-11,12.41267204284668,13.395025253295898,2004-12-21,8.463571548461914,2004-05-24,false,false,251
2005-01-12,12.752877235412598,13.395025253295898,2004-12-21,8.463571548461914,2004-05-24,false,false,251
2005-01-13,12.801478385925293,13.395025253295898,2004-12-21,8.463571548461914,2004-05-24,false,false,251
2005-01-14,13.122244834899902,13.395025253295898,2004-12-21,8.463571548461914,2004-05-24,false,false,251
2005-01-18,13.200006484985352,13.395025253295898,2004-12-21,8.463571548461914,2004-05-24,false,false,251
2005-01-19,12.937561988830566,13.395025253295898,2004-12-21,8.463571548461914,2004-05-24,false,false,251
2005-01-20,12.811199188232422,13.395025253295898,2004-12-21,8.463571548461914,2004-05-24,false,false,251
2005-01-21,13.054203987121582,13.395025253295898,2004-12-21,8.463571548461914,2004-05-24,false,false,251
2005-01-24,13.190285682678223,13.395025253295898,2004-12-21,8.463571548461914,2004-05-24,false,false,251
2005-01-25,12.733437538146973,13.395025253295898,2004-12-21,8.463571548461914,2004-05-24,false,false,251
2005-01-26,12.733437538146973,13.395025253295898,2004-12-21,8.463571548461914,2004-05-24,false,false,251
2005-01-27,12.782037734985352,13.395025253295898,2004-12-21,8.463571548461914,2004-05-24,false,false,251
2005-01-28,12.879240036010742,13.395025253295898,2004-12-21,8.463571548461914,2004-05-24,false,false,251
2005-01-31,13.42357063293457,13.42357063293457,2005-01-31,8.463571548461914,2004-05-24,true,false,251
2005-02-01,13.549932479858398,13.549932479858398,2005-02-01,8.463571548461914,2004-05-24,true,false,251
2005-02-02,13.608253479003906,13.608253479003906,2005-02-02,8.463571548461914,2004-05-24,true,false,251
2005-02-03,13.549932479858398,13.608253479003906,2005-02-02,8.463571548461914,2004-05-24,false,false,251
2005-02-04,13.540212631225586,13.608253479003906,2005-02-02,8.463571548461914,2004-05-24,false,false,251
2005-02-07,13.686015129089355,13.686015129089355,2005-02-07,8.463571548461914,2004-05-24,true,false,251
2005-02-08,13.851258277893066,13.851258277893066,2005-02-08,8.463571548461914,2004-05-24,true,false,251
2005-02-09,13.656854629516602,13.851258277893066,2005-02-08,8.463571548461914,2004-05-24,false,false,251
2005-02-10,13.520771980285645,13.851258277893066,2005-02-08,8.463571548461914,2004-05-24,false,false,251
2005-02-11,13.588812828063965,13.851258277893066,2005-02-08,8.463571548461914,2004-05-24,false,false,251
2005-02-14,13.841537475585938,13.851258277893066,2005-02-08,8.463571548461914,2004-05-24,false,false,251
2005-02-15,13.8123779296875,13.851258277893066,2005-02-08,8.463571548461914,2004-05-24,false,false,252
2005-02-16,13.958179473876953,13.958179473876953,2005-02-16,8.463571548461914,2004-05-24,true,false,252
2005-02-17,13.73461627960205,13.958179473876953,2005-02-16,8.463571548461914,2004-05-24,false,false,252
2005-02-18,13.511051177978516,13.958179473876953,2005-02-16,8.463571548461914,2004-05-24,false,false,252
2005-02-22,13.219447135925293,13.958179473876953,2005-02-16,8.463571548461914,2004-05-24,false,false,251
2005-02-23,13.404129981994629,13.958179473876953,2005-02-16,8.463571548461914,2004-05-24,false,false,251
2005-02-24,13.686015129089355,13.958179473876953,2005-02-16,8.463571548461914,2004-05-24,false,false,251
2005-02-25,13.783217430114746,13.958179473876953,2005-02-16,8.463571548461914,2004-05-24,false,false,251
2005-02-28,13.608253479003906,13.958179473876953,2005-02-16,8.463571548461914,2004-05-24,false,false,251
2005-03-01,13.967900276184082,13.967900276184082,2005-03-01,8.463571548461914,2004-05-24,true,false,251
2005-03-02,13.754055976867676,13.967900276184082,2005-03-01,8.463571548461914,2004-05-24,false,false,251
2005-03-03,13.676294326782227,13.967900276184082,2005-03-01,8.463571548461914,2004-05-24,false,false,251
2005-03-04,13.754055976867676,13.967900276184082,2005-03-01,8.463571548461914,2004-05-24,false,false,251
2005-03-07,13.71517562866211,13.967900276184082,2005-03-01,8.463571548461914,2004-05-24,false,false,251
2005-03-08,13.676294326782227,13.967900276184082,2005-03-01,8.463571548461914,2004-05-24,false,false,251
2005-03-09,14.463629722595215,14.463629722595215,2005-03-09,8.463571548461914,2004-05-24,true,false,251
2005-03-10,14.074822425842285,14.463629722595215,2005-03-09,8.463571548461914,2004-05-24,false,false,251
2005-03-11,14.376148223876953,14.463629722595215,2005-03-09,8.463571548461914,2004-05-24,false,false,251
2005-03-14,14.240065574645996,14.463629722595215,2005-03-09,8.463571548461914,2004-05-24,false,false,251
2005-03-15,13.831817626953125,14.463629722595215,2005-03-09,8.463571548461914,2004-05-24,false,false,251
2005-03-16,13.627694129943848,14.463629722595215,2005-03-09,8.463571548461914,2004-05-24,false,false,251
2005-03-17,13.899859428405762,14.463629722595215,2005-03-09,8.463571548461914,2004-05-24,false,false,251
2005-03-18,13.899859428405762,14.463629722595215,2005-03-09,8.463571548461914,2004-05-24,false,false,251
2005-03-21,13.802657127380371,14.463629722595215,2005-03-09,8.463571548461914,2004-05-24,false,false,251
2005-03-22,13.56937313079834,14.463629722595215,2005-03-09,8.463571548461914,2004-05-24,false,false,251
2005-03-23,13.18056583404541,14.463629722595215,2005-03-09,8.463571548461914,2004-05-24,false,false,251
2005-03-24,13.102804183959961,14.463629722595215,2005-03-09,8.463571548461914,2004-05-24,false,false,251
2005-03-28,13.151405334472656,14.463629722595215,2005-03-09,8.463571548461914,2004-05-24,false,false,250
2005-03-29,12.79175853729248,14.463629722595215,2005-03-09,8.463571548461914,2004-05-24,false,false,250
2005-03-30,12.888960838317871,14.463629722595215,2005-03-09,8.463571548461914,2004-05-24,false,false,250
2005-03-31,13.063922882080078,14.463629722595215,2005-03-09,8.463571548461914,2004-05-24,false,false,250
2005-04-01,13.08336353302002,14.463629722595215,2005-03-09,8.463571548461914,2004-05-24,false,false,250
2005-04-04,13.530492782592773,14.463629722595215,2005-03-09,8.463571548461914,2004-05-24,false,false,250
2005-04-05,13.433290481567383,14.463629722595215,2005-03-09,8.463571548461914,2004-05-24,false,false,250
2005-04-06,13.608253479003906,14.463629722595215,2005-03-09,8.463571548461914,2004-05-24,false,false,250
2005-04-07,13.520771980285645,14.463629722595215,2005-03-09,8.463571548461914,2004-05-24,false,false,250
2005-04-08,13.462450981140137,14.463629722595215,2005-03-09,8.463571548461914,2004-05-24,false,false,250
2005-04-11,13.754055976867676,14.463629722595215,2005-03-09,8.463571548461914,2004-05-24,false,false,251
2005-04-12,13.783217430114746,14.463629722595215,2005-03-09,8.463571548461914,2004-05-24,false,false,251
2005-04-13,13.822097778320312,14.463629722595215,2005-03-09,8.463571548461914,2004-05-24,false,false,251
2005-04-14,13.511051177978516,14.463629722595215,2005-03-09,8.463571548461914,2004-05-24,false,false,251
2005-04-15,13.219447135925293,14.463629722595215,2005-03-09,8.463571548461914,2004-05-24,false,false,251
2005-04-18,13.452731132507324,14.463629722595215,2005-03-09,8.463571548461914,2004-05-24,false,false,251
2005-04-19,13.617974281311035,14.463629722595215,2005-03-09,8.463571548461914,2004-05-24,false,false,251
2005-04-20,13.3944091796875,14.463629722595215,2005-03-09,8.463571548461914,2004-05-24,false,false,251
2005-04-21,13.744336128234863,14.463629722595215,2005-03-09,8.463571548461914,2004-05-24,false,false,251
2005-04-22,13.88041877746582,14.463629722595215,2005-03-09,8.463571548461914,2004-05-24,false,false,251
2005-04-25,14.356708526611328,14.463629722595215,2005-03-09,8.463571548461914,2004-05-24,false,false,251
2005-04-26,14.385868072509766,14.463629722595215,2005-03-09,8.463571548461914,2004-05-24,false,false,251
2005-04-27,14.084542274475098,14.463629722595215,2005-03-09,8.463571548461914,2004-05-24,false,false,251
2005-04-28,14.016501426696777,14.463629722595215,2005-03-09,8.463571548461914,2004-05-24,false,false,251
2005-04-29,14.385868072509766,14.463629722595215,2005-03-09,8.463571548461914,2004-05-24,false,false,251
2005-05-02,14.521950721740723,14.521950721740723,2005-05-02,8.463571548461914,2004-05-24,true,false,251
2005-05-03,14.055381774902344,14.521950721740723,2005-05-02,8.463571548461914,2004-05-24,false,false,251
2005-05-04,14.26922607421875,14.521950721740723,2005-05-02,8.463571548461914,2004-05-24,false,false,251
2005-05-05,14.249785423278809,14.521950721740723,2005-05-02,8.463571548461914,2004-05-24,false,false,251
2005-05-06,14.385868072509766,14.521950721740723,2005-05-02,8.463571548461914,2004-05-24,false,false,251
2005-05-09,14.094263076782227,14.521950721740723,2005-05-02,8.463571548461914,2004-05-24,false,false,251
2005-05-10,13.870698928833008,14.521950721740723,2005-05-02,8.463571548461914,2004-05-24,false,false,251
2005-05-11,13.929019927978516,14.521950721740723,2005-05-02,8.463571548461914,2004-05-24,false,false,251
2005-05-12,13.608253479003906,14.521950721740723,2005-05-02,8.463571548461914,2004-05-24,false,false,251
2005-05-13,13.3944091796875,14.521950721740723,2005-05-02,8.463571548461914,2004-05-24,false,false,251
2005-05-16,13.56937313079834,14.521950721740723,2005-05-02,8.463571548461914,2004-05-24,false,false,251
2005-05-17,13.831817626953125,14.521950721740723,2005-05-02,8.463571548461914,2004-05-24,false,false,251
2005-05-18,14.016501426696777,14.521950721740723,2005-05-02,8.463571548461914,2004-05-24,false,false,251
2005-05-19,14.240065574645996,14.521950721740723,2005-05-02,8.463571548461914,2004-05-24,false,false,251
2005-05-20,14.366427421569824,14.521950721740723,2005-05-02,8.463571548461914,2004-05-24,false,false,251
2005-05-23,14.531670570373535,14.531670570373535,2005-05-23,8.463571548461914,2004-05-24,true,false,251
2005-05-24,14.33726692199707,14.531670570373535,2005-05-23,8.463571548461914,2004-05-24,false,false,251
2005-05-25,14.181744575500488,14.531670570373535,2005-05-23,8.511823654174805,2004-06-04,false,false,251
2005-05-26,14.230345726013184,14.531670570373535,2005-05-23,8.511823654174805,2004-06-04,false,false,251
2005-05-27,14.385868072509766,14.531670570373535,2005-05-23,8.511823654174805,2004-06-04,false,false,251
2005-05-31,14.473350524902344,14.531670570373535,2005-05-23,8.511823654174805,2004-06-04,false,false,251
2005-06-01,14.696913719177246,14.696913719177246,2005-06-01,8.511823654174805,2004-06-04,true,false,251
2005-06-02,14.48306941986084,14.696913719177246,2005-06-01,8.511823654174805,2004-06-04,false,false,251
2005-06-03,14.502510070800781,14.696913719177246,2005-06-01,8.511823654174805,2004-06-04,false,false,251
2005-06-06,14.716354370117188,14.716354370117188,2005-06-06,8.511823654174805,2004-06-04,true,false,251
2005-06-07,14.609432220458984,14.716354370117188,2005-06-06,8.521474838256836,2004-06-14,false,false,251
2005-06-08,14.881597518920898,14.881597518920898,2005-06-08,8.521474838256836,2004-06-14,true,false,251
2005-06-09,15.212082862854004,15.212082862854004,2005-06-09,8.521474838256836,2004-06-14,true,false,251
2005-06-10,15.319005966186523,15.319005966186523,2005-06-10,8.521474838256836,2004-06-14,true,false,251
2005-06-13,15.309285163879395,15.319005966186523,2005-06-10,8.521474838256836,2004-06-14,false,false,252
2005-06-14,15.367607116699219,15.367607116699219,2005-06-14,8.521474838256836,2004-06-14,true,false,252
2005-06-15,15.873055458068848,15.873055458068848,2005-06-15,8.540776252746582,2004-06-16,true,false,252
2005-06-16,15.698092460632324,15.873055458068848,2005-06-15,8.540776252746582,2004-06-16,false,false,252
2005-06-17,15.941097259521484,15.941097259521484,2005-06-17,8.598679542541504,2004-06-18,true,false,252
2005-06-20,15.562010765075684,15.941097259521484,2005-06-17,8.598679542541504,2004-06-18,false,false,252
2005-06-21,15.474528312683105,15.941097259521484,2005-06-17,8.627631187438965,2004-06-22,false,false,252
2005-06-22,16.145221710205078,16.145221710205078,2005-06-22,8.627631187438965,2004-06-22,true,false,252
2005-06-23,16.407665252685547,16.407665252685547,2005-06-23,8.656583786010742,2004-07-02,true,false,252
2005-06-24,16.038299560546875,16.407665252685547,2005-06-23,8.656583786010742,2004-07-02,false,false,252
2005-06-27,15.717533111572266,16.407665252685547,2005-06-23,8.656583786010742,2004-07-02,false,false,252
2005-06-28,15.396767616271973,16.407665252685547,2005-06-23,8.656583786010742,2004-07-02,false,false,252
2005-06-29,15.114882469177246,16.407665252685547,2005-06-23,8.656583786010742,2004-07-02,false,false,252
2005-06-30,15.231524467468262,16.407665252685547,2005-06-23,8.656583786010742,2004-07-02,false,false,252
2005-07-01,15.552289962768555,16.407665252685547,2005-06-23,8.656583786010742,2004-07-02,false,false,252
2005-07-05,15.085721969604492,16.407665252685547,2005-06-23,8.656583786010742,2004-07-02,false,false,252
2005-07-06,14.852437019348145,16.407665252685547,2005-06-23,8.830293655395508,2004-07-14,false,false,252
2005-07-07,14.716354370117188,16.407665252685547,2005-06-23,8.830293655395508,2004-07-14,false,false,252
2005-07-08,14.852437019348145,16.407665252685547,2005-06-23,8.830293655395508,2004-07-14,false,false,252
2005-07-11,15.250964164733887,16.407665252685547,2005-06-23,8.830293655395508,2004-07-14,false,false,252
2005-07-12,15.42592716217041,16.407665252685547,2005-06-23,8.830293655395508,2004-07-14,false,false,252
2005-07-13,15.299565315246582,16.407665252685547,2005-06-23,8.830293655395508,2004-07-14,false,false,252
2005-07-14,15.319005966186523,16.407665252685547,2005-06-23,8.830293655395508,2004-07-14,false,false,252
2005-07-15,15.416207313537598,16.407665252685547,2005-06-23,8.859245300292969,2004-08-06,false,false,252
2005-07-18,15.542569160461426,16.407665252685547,2005-06-23,8.859245300292969,2004-08-06,false,false,252
2005-07-19,15.688371658325195,16.407665252685547,2005-06-23,8.859245300292969,2004-08-06,false,false,252
2005-07-20,15.902216911315918,16.407665252685547,2005-06-23,8.859245300292969,2004-08-06,false,false,252
2005-07-21,16.427104949951172,16.427104949951172,2005-07-21,8.859245300292969,2004-08-06,true,false,252
2005-07-22,16.922836303710938,16.922836303710938,2005-07-22,8.859245300292969,2004-08-06,true,false,252
2005-07-25,17.301921844482422,17.301921844482422,2005-07-25,8.859245300292969,2004-08-06,true,false,252
2005-07-26,16.922836303710938,17.301921844482422,2005-07-25,8.859245300292969,2004-08-06,false,false,252
2005-07-27,16.942276000976562,17.301921844482422,2005-07-25,8.859245300292969,2004-08-06,false,false,252
2005-07-28,17.08807945251465,17.301921844482422,2005-07-25,8.859245300292969,2004-08-06,false,false,252
2005-07-29,16.981155395507812,17.301921844482422,2005-07-25,8.859245300292969,2004-08-06,false,false,252
2005-08-01,17.32136344909668,17.32136344909668,2005-08-01,8.859245300292969,2004-08-06,true,false,252
2005-08-02,17.379682540893555,17.379682540893555,2005-08-02,8.859245300292969,2004-08-06,true,false,252
2005-08-03,17.807371139526367,17.807371139526367,2005-08-03,8.859245300292969,2004-08-06,true,false,252
2005-08-04,17.943452835083008,17.943452835083008,2005-08-04,8.859245300292969,2004-08-06,true,false,252
2005-08-05,17.41856575012207,17.943452835083008,2005-08-04,8.859245300292969,2004-08-06,false,false,252
2005-08-08,17.84625244140625,17.943452835083008,2005-08-04,8.859245300292969,2004-08-06,false,false,252
2005-08-09,17.603248596191406,17.943452835083008,2005-08-04,8.926800727844238,2004-08-10,false,false,252
2005-08-10,17.476884841918945,17.943452835083008,2005-08-04,8.926800727844238,2004-08-10,false,false,252
2005-08-11,16.96171760559082,17.943452835083008,2005-08-04,9.274221420288086,2004-08-12,false,false,252
2005-08-12,17.292203903198242,17.943452835083008,2005-08-04,9.274221420288086,2004-08-12,false,false,252
2005-08-15,17.243600845336914,17.943452835083008,2005-08-04,9.380377769470215,2004-08-17,false,false,252
2005-08-16,16.22298240661621,17.943452835083008,2005-08-04,9.380377769470215,2004-08-17,false,false,252
2005-08-17,15.843894958496094,17.943452835083008,2005-08-04,9.380377769470215,2004-08-17,false,false,252
2005-08-18,15.756412506103516,17.943452835083008,2005-08-04,9.534788131713867,2004-08-24,false,false,252
2005-08-19,15.630051612854004,17.943452835083008,2005-08-04,9.534788131713867,2004-08-24,false,false,252
2005-08-22,15.659212112426758,17.943452835083008,2005-08-04,9.534788131713867,2004-08-24,false,false,252
2005-08-23,15.649492263793945,17.943452835083008,2005-08-04,9.534788131713867,2004-08-24,false,false,252
2005-08-24,15.202363967895508,17.943452835083008,2005-08-04,9.534788131713867,2004-08-24,false,false,252
2005-08-25,15.42592716217041,17.943452835083008,2005-08-04,9.602341651916504,2004-08-30,false,false,252
2005-08-26,15.367607116699219,17.943452835083008,2005-08-04,9.602341651916504,2004-08-30,false,false,252
2005-08-29,15.396767616271973,17.943452835083008,2005-08-04,9.602341651916504,2004-08-30,false,false,252
2005-08-30,15.50368881225586,17.943452835083008,2005-08-04,9.602341651916504,2004-08-30,false,false,252
2005-08-31,15.600890159606934,17.943452835083008,2005-08-04,9.833955764770508,2004-09-01,false,false,252
2005-09-01,16.038299560546875,17.943452835083008,2005-08-04,9.833955764770508,2004-09-01,false,false,252
2005-09-02,15.979978561401367,17.943452835083008,2005-08-04,10.133124351501465,2004-09-28,false,false,252
2005-09-06,16.106340408325195,17.943452835083008,2005-08-04,10.133124351501465,2004-09-28,false,false,252
2005-09-07,16.563190460205078,17.943452835083008,2005-08-04,10.133124351501465,2004-09-28,false,false,252
2005-09-08,16.164661407470703,17.943452835083008,2005-08-04,10.133124351501465,2004-09-28,false,false,252
2005-09-09,16.524307250976562,17.943452835083008,2005-08-04,10.133124351501465,2004-09-28,false,false,252
2005-09-12,16.135501861572266,17.943452835083008,2005-08-04,10.133124351501465,2004-09-28,false,false,252
2005-09-13,16.067461013793945,17.943452835083008,2005-08-04,10.133124351501465,2004-09-28,false,false,252
2005-09-14,15.892497062683105,17.943452835083008,2005-08-04,10.133124351501465,2004-09-28,false,false,252
2005-09-15,16.12578010559082,17.943452835083008,2005-08-04,10.133124351501465,2004-09-28,false,false,252
2005-09-16,16.038299560546875,17.943452835083008,2005-08-04,10.133124351501465,2004-09-28,false,false,252
2005-09-19,16.34934425354004,17.943452835083008,2005-08-04,10.133124351501465,2004-09-28,false,false,252
2005-09-20,16.25214195251465,17.943452835083008,2005-08-04,10.133124351501465,2004-09-28,false,false,252
2005-09-21,16.164661407470703,17.943452835083008,2005-08-04,10.133124351501465,2004-09-28,false,false,252
2005-09-22,16.0577392578125,17.943452835083008,2005-08-04,10.133124351501465,2004-09-28,false,false,252
2005-09-23,15.970257759094238,17.943452835083008,2005-08-04,10.133124351501465,2004-09-28,false,false,252
2005-09-26,16.465988159179688,17.943452835083008,2005-08-04,10.133124351501465,2004-09-28,false,false,252
2005-09-27,16.397947311401367,17.943452835083008,2005-08-04,10.133124351501465,2004-09-28,false,false,252
2005-09-28,16.73815155029297,17.943452835083008,2005-08-04,10.133124351501465,2004-09-28,false,false,252
2005-09-29,16.806194305419922,17.943452835083008,2005-08-04,10.142775535583496,2004-10-14,false,false,252
2005-09-30,17.214439392089844,17.943452835083008,2005-08-04,10.142775535583496,2004-10-14,false,false,252
2005-10-03,17.62268829345703,17.943452835083008,2005-08-04,10.142775535583496,2004-10-14,false,false,252
2005-10-04,17.185279846191406,17.943452835083008,2005-08-04,10.142775535583496,2004-10-14,false,false,252
2005-10-05,17.020036697387695,17.943452835083008,2005-08-04,10.142775535583496,2004-10-14,false,false,252
2005-10-06,16.4757080078125,17.943452835083008,2005-08-04,10.142775535583496,2004-10-14,false,false,252
2005-10-07,16.96171760559082,17.943452835083008,2005-08-04,10.142775535583496,2004-10-14,false,false,252
2005-10-10,16.83535385131836,17.943452835083008,2005-08-04,10.142775535583496,2004-10-14,false,false,252
2005-10-11,16.942276000976562,17.943452835083008,2005-08-04,10.142775535583496,2004-10-14,false,false,252
2005-10-12,16.25214195251465,17.943452835083008,2005-08-04,10.142775535583496,2004-10-14,false,false,252
2005-10-13,15.921655654907227,17.943452835083008,2005-08-04,10.142775535583496,2004-10-14,false,false,252
2005-10-14,15.970257759094238,17.943452835083008,2005-08-04,10.142775535583496,2004-10-14,false,false,252
2005-10-17,16.086898803710938,17.943452835083008,2005-08-04,10.162075996398926,2004-10-25,false,false,252
2005-10-18,15.591171264648438,17.943452835083008,2005-08-04,10.162075996398926,2004-10-25,false,false,252
2005-10-19,15.600890159606934,17.943452835083008,2005-08-04,10.162075996398926,2004-10-25,false,false,252
2005-10-20,15.435647964477539,17.943452835083008,2005-08-04,10.162075996398926,2004-10-25,false,false,252
2005-10-21,15.911937713623047,17.943452835083008,2005-08-04,10.162075996398926,2004-10-25,false,false,252
2005-10-24,16.427104949951172,17.943452835083008,2005-08-04,10.162075996398926,2004-10-25,false,false,252
2005-10-25,16.174381256103516,17.943452835083008,2005-08-04,10.162075996398926,2004-10-25,false,false,252
2005-10-26,15.902216911315918,17.943452835083008,2005-08-04,10.499847412109375,2004-10-27,false,false,252
2005-10-27,15.727253913879395,17.943452835083008,2005-08-04,10.499847412109375,2004-10-27,false,false,252
2005-10-28,16.067461013793945,17.943452835083008,2005-08-04,11.001677513122559,2004-11-01,false,false,252
2005-10-31,15.873055458068848,17.943452835083008,2005-08-04,11.001677513122559,2004-11-01,false,false,252
2005-11-01,15.707812309265137,17.943452835083008,2005-08-04,11.001677513122559,2004-11-01,false,false,252
2005-11-02,15.941097259521484,17.943452835083008,2005-08-04,11.069231986999512,2004-11-04,false,false,252
2005-11-03,15.960537910461426,17.943452835083008,2005-08-04,11.069231986999512,2004-11-04,false,false,252
2005-11-04,15.756412506103516,17.943452835083008,2005-08-04,11.069231986999512,2004-11-04,false,false,252
2005-11-07,15.882776260375977,17.943452835083008,2005-08-04,11.42630386352539,2004-11-08,false,false,252
2005-11-08,15.824455261230469,17.943452835083008,2005-08-04,11.42630386352539,2004-11-08,false,false,252
2005-11-09,16.086898803710938,17.943452835083008,2005-08-04,11.696520805358887,2004-11-10,false,false,252
2005-11-10,15.668932914733887,17.943452835083008,2005-08-04,11.696520805358887,2004-11-10,false,false,252
2005-11-11,15.979978561401367,17.943452835083008,2005-08-04,11.744773864746094,2004-11-12,false,false,252
2005-11-14,15.921655654907227,17.943452835083008,2005-08-04,11.744773864746094,2004-11-12,false,false,252
2005-11-15,15.834176063537598,17.943452835083008,2005-08-04,11.860581398010254,2004-11-16,false,false,252
2005-11-16,16.368785858154297,17.943452835083008,2005-08-04,11.860581398010254,2004-11-16,false,false,252
2005-11-17,16.44654655456543,17.943452835083008,2005-08-04,12.024641036987305,2004-11-22,false,false,252
2005-11-18,16.31046485900879,17.943452835083008,2005-08-04,12.024641036987305,2004-11-22,false,false,252
2005-11-21,16.602069854736328,17.943452835083008,2005-08-04,12.024641036987305,2004-11-22,false,false,252
2005-11-22,16.02857780456543,17.943452835083008,2005-08-04,12.024641036987305,2004-11-22,false,false,252
2005-11-23,16.58262825012207,17.943452835083008,2005-08-04,12.091904640197754,2005-01-10,false,false,252
2005-11-25,16.368785858154297,17.943452835083008,2005-08-04,12.091904640197754,2005-01-10,false,false,252
2005-11-28,16.4757080078125,17.943452835083008,2005-08-04,12.091904640197754,2005-01-10,false,false,252
2005-11-29,16.427104949951172,17.943452835083008,2005-08-04,12.091904640197754,2005-01-10,false,false,252
2005-11-30,16.368785858154297,17.943452835083008,2005-08-04,12.091904640197754,2005-01-10,false,false,252
2005-12-01,16.8159122467041,17.943452835083008,2005-08-04,12.091904640197754,2005-01-10,false,false,252
2005-12-02,16.3201847076416,17.943452835083008,2005-08-04,12.091904640197754,2005-01-10,false,false,252
2005-12-05,16.31046485900879,17.943452835083008,2005-08-04,12.091904640197754,2005-01-10,false,false,252
2005-12-06,16.51458740234375,17.943452835083008,2005-08-04,12.091904640197754,2005-01-10,false,false,252
2005-12-07,17.243600845336914,17.943452835083008,2005-08-04,12.091904640197754,2005-01-10,false,false,252
2005-12-08,17.22416114807129,17.943452835083008,2005-08-04,12.091904640197754,2005-01-10,false,false,252
2005-12-09,17.690731048583984,17.943452835083008,2005-08-04,12.091904640197754,2005-01-10,false,false,252
2005-12-12,17.855974197387695,17.943452835083008,2005-08-04,12.091904640197754,2005-01-10,false,false,252
2005-12-13,18.0406551361084,18.0406551361084,2005-12-13,12.091904640197754,2005-01-10,true,false,252
2005-12-14,18.23505973815918,18.23505973815918,2005-12-14,12.091904640197754,2005-01-10,true,false,252
2005-12-15,18.507225036621094,18.507225036621094,2005-12-15,12.091904640197754,2005-01-10,true,false,252
2005-12-16,18.516944885253906,18.516944885253906,2005-12-16,12.091904640197754,2005-01-10,true,false,252
2005-12-19,18.964073181152344,18.964073181152344,2005-12-19,12.091904640197754,2005-01-10,true,false,252
2005-12-20,19.04183578491211,19.04183578491211,2005-12-20,12.091904640197754,2005-01-10,true,false,252
2005-12-21,19.061275482177734,19.061275482177734,2005-12-21,12.091904640197754,2005-01-10,true,false,252
2005-12-22,19.168197631835938,19.168197631835938,2005-12-22,12.091904640197754,2005-01-10,true,false,252
2005-12-23,19.314001083374023,19.314001083374023,2005-12-23,12.091904640197754,2005-01-10,true,false,252
2005-12-27,19.459999084472656,19.459999084472656,2005-12-27,12.091904640197754,2005-01-10,true,false,252
2005-12-28,19.350000381469727,19.459999084472656,2005-12-27,12.091904640197754,2005-01-10,false,false,252
2005-12-29,19.329999923706055,19.459999084472656,2005-12-27,12.091904640197754,2005-01-10,false,false,252
2005-12-30,19.489999771118164,19.489999771118164,2005-12-30,12.091904640197754,2005-01-10,true,false,252
2006-01-03,19.760000228881836,19.760000228881836,2006-01-03,12.091904640197754,2005-01-10,true,false,251
2006-01-04,19.940000534057617,19.940000534057617,2006-01-04,12.091904640197754,2005-01-10,true,false,251
2006-01-05,20.260000228881836,20.260000228881836,2006-01-05,12.091904640197754,2005-01-10,true,false,251
2006-01-06,20.860000610351562,20.860000610351562,2006-01-06,12.091904640197754,2005-01-10,true,false,251
2006-01-09,21.18000030517578,21.18000030517578,2006-01-09,12.091904640197754,2005-01-10,true,false,251
2006-01-10,20.899999618530273,21.18000030517578,2006-01-09,12.091904640197754,2005-01-10,false,false,251
2006-01-11,21.639999389648438,21.639999389648438,2006-01-11,12.733437538146973,2005-01-26,true,false,251
2006-01-12,21.540000915527344,21.639999389648438,2006-01-11,12.733437538146973,2005-01-26,false,false,251
2006-01-13,21.190000534057617,21.639999389648438,2006-01-11,12.733437538146973,2005-01-26,false,false,251
2006-01-17,20.959999084472656,21.639999389648438,2006-01-11,12.733437538146973,2005-01-26,false,false,251
2006-01-18,21.049999237060547,21.639999389648438,2006-01-11,12.733437538146973,2005-01-26,false,false,251
2006-01-19,21.899999618530273,21.899999618530273,2006-01-19,12.733437538146973,2005-01-26,true,false,251
2006-01-20,21.350000381469727,21.899999618530273,2006-01-19,12.733437538146973,2005-01-26,false,false,251
2006-01-23,21.75,21.899999618530273,2006-01-19,12.733437538146973,2005-01-26,false,false,251
2006-01-24,21.700000762939453,21.899999618530273,2006-01-19,12.733437538146973,2005-01-26,false,false,251
2006-01-25,21.6299991607666,21.899999618530273,2006-01-19,12.733437538146973,2005-01-26,false,false,251
2006-01-26,21.649999618530273,21.899999618530273,2006-01-19,12.733437538146973,2005-01-26,false,false,251
2006-01-27,22.25,22.25,2006-01-27,12.79175853729248,2005-03-29,true,false,251
2006-01-30,22.399999618530273,22.399999618530273,2006-01-30,12.79175853729248,2005-03-29,true,false,251
2006-01-31,22.719999313354492,22.719999313354492,2006-01-31,12.79175853729248,2005-03-29,true,false,251
2006-02-01,22.600000381469727,22.719999313354492,2006-01-31,12.79175853729248,2005-03-29,false,false,251
2006-02-02,22.18000030517578,22.719999313354492,2006-01-31,12.79175853729248,2005-03-29,false,false,251
2006-02-03,21.290000915527344,22.719999313354492,2006-01-31,12.79175853729248,2005-03-29,false,false,251
2006-02-06,20.8700008392334,22.719999313354492,2006-01-31,12.79175853729248,2005-03-29,false,false,251
2006-02-07,20.229999542236328,22.719999313354492,2006-01-31,12.79175853729248,2005-03-29,false,false,251
2006-02-08,20.739999771118164,22.719999313354492,2006-01-31,12.79175853729248,2005-03-29,false,false,251
2006-02-09,21.350000381469727,22.719999313354492,2006-01-31,12.79175853729248,2005-03-29,false,false,251
2006-02-10,21.34000015258789,22.719999313354492,2006-01-31,12.79175853729248,2005-03-29,false,false,251
2006-02-13,20.6299991607666,22.719999313354492,2006-01-31,12.79175853729248,2005-03-29,false,false,251
2006-02-14,21.329999923706055,22.719999313354492,2006-01-31,12.79175853729248,2005-03-29,false,false,251
2006-02-15,20.780000686645508,22.719999313354492,2006-01-31,12.79175853729248,2005-03-29,false,false,251
2006-02-16,22.3799991607666,22.719999313354492,2006-01-31,12.79175853729248,2005-03-29,false,false,251
2006-02-17,22.559999465942383,22.719999313354492,2006-01-31,12.79175853729248,2005-03-29,false,false,251
2006-02-21,22.40999984741211,22.719999313354492,2006-01-31,12.79175853729248,2005-03-29,false,false,251
2006-02-22,22.100000381469727,22.719999313354492,2006-01-31,12.79175853729248,2005-03-29,false,false,251
2006-02-23,22.420000076293945,22.719999313354492,2006-01-31,12.79175853729248,2005-03-29,false,false,251
2006-02-24,22.479999542236328,22.719999313354492,2006-01-31,12.79175853729248,2005-03-29,false,false,251
2006-02-27,22.610000610351562,22.719999313354492,2006-01-31,12.79175853729248,2005-03-29,false,false,251
2006-02-28,22.209999084472656,22.719999313354492,2006-01-31,12.79175853729248,2005-03-29,false,false,251
2006-03-01,22.8700008392334,22.8700008392334,2006-03-01,12.79175853729248,2005-03-29,true,false,251
2006-03-02,22.899999618530273,22.899999618530273,2006-03-02,12.79175853729248,2005-03-29,true,false,251
2006-03-03,22.299999237060547,22.899999618530273,2006-03-02,12.79175853729248,2005-03-29,false,false,251
2006-03-06,22.420000076293945,22.899999618530273,2006-03-02,12.79175853729248,2005-03-29,false,false,251
2006-03-07,21.799999237060547,22.899999618530273,2006-03-02,12.79175853729248,2005-03-29,false,false,251
2006-03-08,21.5,22.899999618530273,2006-03-02,12.79175853729248,2005-03-29,false,false,251
2006-03-09,21.149999618530273,22.899999618530273,2006-03-02,12.79175853729248,2005-03-29,false,false,251
2006-03-10,21.56999969482422,22.899999618530273,2006-03-02,12.79175853729248,2005-03-29,false,false,251
2006-03-13,21.700000762939453,22.899999618530273,2006-03-02,12.79175853729248,2005-03-29,false,false,251
2006-03-14,22.18000030517578,22.899999618530273,2006-03-02,12.79175853729248,2005-03-29,false,false,251
2006-03-15,22.25,22.899999618530273,2006-03-02,12.79175853729248,2005-03-29,false,false,251
2006-03-16,21.989999771118164,22.899999618530273,2006-03-02,12.79175853729248,2005-03-29,false,false,251
2006-03-17,21.969999313354492,22.899999618530273,2006-03-02,12.79175853729248,2005-03-29,false,false,251
2006-03-20,22.350000381469727,22.899999618530273,2006-03-02,12.79175853729248,2005-03-29,false,false,251
2006-03-21,22.139999389648438,22.899999618530273,2006-03-02,12.79175853729248,2005-03-29,false,false,251
2006-03-22,22.25,22.899999618530273,2006-03-02,12.79175853729248,2005-03-29,false,false,251
2006-03-23,22.059999465942383,22.899999618530273,2006-03-02,12.79175853729248,2005-03-29,false,false,251
2006-03-24,21.809999465942383,22.899999618530273,2006-03-02,12.79175853729248,2005-03-29,false,false,251
2006-03-27,21.84000015258789,22.899999618530273,2006-03-02,12.79175853729248,2005-03-29,false,false,252
2006-03-28,21.34000015258789,22.899999618530273,2006-03-02,12.79175853729248,2005-03-29,false,false,252
2006-03-29,21.610000610351562,22.899999618530273,2006-03-02,12.79175853729248,2005-03-29,false,false,252
2006-03-30,21.3700008392334,22.899999618530273,2006-03-02,13.063922882080078,2005-03-31,false,false,252
2006-03-31,21.600000381469727,22.899999618530273,2006-03-02,13.063922882080078,2005-03-31,false,false,252
2006-04-03,22.579999923706055,22.899999618530273,2006-03-02,13.219447135925293,2005-04-15,false,false,252
2006-04-04,22.809999465942383,22.899999618530273,2006-03-02,13.219447135925293,2005-04-15,false,false,252
2006-04-05,23.239999771118164,23.239999771118164,2006-04-05,13.219447135925293,2005-04-15,true,false,252
2006-04-06,23.1200008392334,23.239999771118164,2006-04-05,13.219447135925293,2005-04-15,false,false,252
2006-04-07,23.350000381469727,23.350000381469727,2006-04-07,13.219447135925293,2005-04-15,true,false,252
2006-04-10,23.360000610351562,23.360000610351562,2006-04-10,13.219447135925293,2005-04-15,true,false,252
2006-04-11,23.149999618530273,23.360000610351562,2006-04-10,13.219447135925293,2005-04-15,false,false,252
2006-04-12,23,23.360000610351562,2006-04-10,13.219447135925293,2005-04-15,false,false,252
2006-04-13,22.90999984741211,23.360000610351562,2006-04-10,13.219447135925293,2005-04-15,false,false,252
2006-04-17,22.979999542236328,23.360000610351562,2006-04-10,13.219447135925293,2005-04-15,false,false,251
2006-04-18,23.190000534057617,23.360000610351562,2006-04-10,13.3944091796875,2005-05-13,false,false,251
2006-04-19,23.200000762939453,23.360000610351562,2006-04-10,13.3944091796875,2005-05-13,false,false,251
2006-04-20,23.350000381469727,23.360000610351562,2006-04-10,13.3944091796875,2005-05-13,false,false,251
2006-04-21,23.239999771118164,23.360000610351562,2006-04-10,13.3944091796875,2005-05-13,false,false,251
2006-04-24,22.940000534057617,23.360000610351562,2006-04-10,13.3944091796875,2005-05-13,false,false,251
2006-04-25,22.799999237060547,23.360000610351562,2006-04-10,13.3944091796875,2005-05-13,false,false,251
2006-04-26,23.06999969482422,23.360000610351562,2006-04-10,13.3944091796875,2005-05-13,false,false,251
2006-04-27,22.68000030517578,23.360000610351562,2006-04-10,13.3944091796875,2005-05-13,false,false,251
2006-04-28,22.799999237060547,23.360000610351562,2006-04-10,13.3944091796875,2005-05-13,false,false,251
2006-05-01,22.989999771118164,23.360000610351562,2006-04-10,13.3944091796875,2005-05-13,false,false,251
2006-05-02,23.31999969482422,23.360000610351562,2006-04-10,13.3944091796875,2005-05-13,false,false,251
2006-05-03,23.399999618530273,23.399999618530273,2006-05-03,13.3944091796875,2005-05-13,true,false,251
2006-05-04,24.229999542236328,24.229999542236328,2006-05-04,13.3944091796875,2005-05-13,true,false,251
2006-05-05,24.40999984741211,24.40999984741211,2006-05-05,13.3944091796875,2005-05-13,true,false,251
2006-05-08,24.809999465942383,24.809999465942383,2006-05-08,13.3944091796875,2005-05-13,true,false,251
2006-05-09,24.729999542236328,24.809999465942383,2006-05-08,13.3944091796875,2005-05-13,false,false,251
2006-05-10,24.450000762939453,24.809999465942383,2006-05-08,13.3944091796875,2005-05-13,false,false,251
2006-05-11,23.229999542236328,24.809999465942383,2006-05-08,13.3944091796875,2005-05-13,false,false,251
2006-05-12,22.270000457763672,24.809999465942383,2006-05-08,13.3944091796875,2005-05-13,false,false,251
2006-05-15,21.280000686645508,24.809999465942383,2006-05-08,13.3944091796875,2005-05-13,false,false,251
2006-05-16,21.389999389648438,24.809999465942383,2006-05-08,13.831817626953125,2005-05-17,false,false,251
2006-05-17,21.149999618530273,24.809999465942383,2006-05-08,13.831817626953125,2005-05-17,false,false,251
2006-05-18,20.979999542236328,24.809999465942383,2006-05-08,14.181744575500488,2005-05-25,false,false,251
2006-05-19,21.280000686645508,24.809999465942383,2006-05-08,14.181744575500488,2005-05-25,false,false,251
2006-05-22,20.5,24.809999465942383,2006-05-08,14.181744575500488,2005-05-25,false,false,251
2006-05-23,20.709999084472656,24.809999465942383,2006-05-08,14.181744575500488,2005-05-25,false,false,251
2006-05-24,20.170000076293945,24.809999465942383,2006-05-08,14.181744575500488,2005-05-25,false,false,251
2006-05-25,20.790000915527344,24.809999465942383,2006-05-08,14.181744575500488,2005-05-25,false,false,251
2006-05-26,20.639999389648438,24.809999465942383,2006-05-08,14.385868072509766,2005-05-27,false,false,251
2006-05-30,20.09000015258789,24.809999465942383,2006-05-08,14.385868072509766,2005-05-27,false,false,251
2006-05-31,20.290000915527344,24.809999465942383,2006-05-08,14.48306941986084,2005-06-02,false,false,251
2006-06-01,20.639999389648438,24.809999465942383,2006-05-08,14.48306941986084,2005-06-02,false,false,251
2006-06-02,20.600000381469727,24.809999465942383,2006-05-08,14.48306941986084,2005-06-02,false,false,251
2006-06-05,19.940000534057617,24.809999465942383,2006-05-08,14.609432220458984,2005-06-07,false,false,251
2006-06-06,19.93000030517578,24.809999465942383,2006-05-08,14.609432220458984,2005-06-07,false,false,251
2006-06-07,19.690000534057617,24.809999465942383,2006-05-08,14.609432220458984,2005-06-07,false,false,251
2006-06-08,18.93000030517578,24.809999465942383,2006-05-08,14.716354370117188,2005-07-07,false,false,251
2006-06-09,19.100000381469727,24.809999465942383,2006-05-08,14.716354370117188,2005-07-07,false,false,251
2006-06-12,18.829999923706055,24.809999465942383,2006-05-08,14.716354370117188,2005-07-07,false,false,251
2006-06-13,17.950000762939453,24.809999465942383,2006-05-08,14.716354370117188,2005-07-07,false,false,251
2006-06-14,18.049999237060547,24.809999465942383,2006-05-08,14.716354370117188,2005-07-07,false,false,251
2006-06-15,18.75,24.809999465942383,2006-05-08,14.716354370117188,2005-07-07,false,false,251
2006-06-16,18.770000457763672,24.809999465942383,2006-05-08,14.716354370117188,2005-07-07,false,false,251
2006-06-19,18.309999465942383,24.809999465942383,2006-05-08,14.716354370117188,2005-07-07,false,false,251
2006-06-20,18.469999313354492,24.809999465942383,2006-05-08,14.716354370117188,2005-07-07,false,false,251
2006-06-21,18.81999969482422,24.809999465942383,2006-05-08,14.716354370117188,2005-07-07,false,false,251
2006-06-22,18.719999313354492,24.809999465942383,2006-05-08,14.716354370117188,2005-07-07,false,false,251
2006-06-23,18.670000076293945,24.809999465942383,2006-05-08,14.716354370117188,2005-07-07,false,false,251
2006-06-26,18.690000534057617,24.809999465942383,2006-05-08,14.716354370117188,2005-07-07,false,false,251
2006-06-27,18.389999389648438,24.809999465942383,2006-05-08,14.716354370117188,2005-07-07,false,false,251
2006-06-28,18.549999237060547,24.809999465942383,2006-05-08,14.716354370117188,2005-07-07,false,false,251
2006-06-29,19.34000015258789,24.809999465942383,2006-05-08,14.716354370117188,2005-07-07,false,false,251
2006-06-30,18.959999084472656,24.809999465942383,2006-05-08,14.716354370117188,2005-07-07,false,false,251
2006-07-03,19.219999313354492,24.809999465942383,2006-05-08,14.716354370117188,2005-07-07,false,false,251
2006-07-05,18.979999542236328,24.809999465942383,2006-05-08,14.716354370117188,2005-07-07,false,false,251
2006-07-06,18.989999771118164,24.809999465942383,2006-05-08,14.716354370117188,2005-07-07,false,false,251
2006-07-07,18.860000610351562,24.809999465942383,2006-05-08,14.716354370117188,2005-07-07,false,false,251
2006-07-10,18.809999465942383,24.809999465942383,2006-05-08,15.202363967895508,2005-08-24,false,false,251
2006-07-11,18.899999618530273,24.809999465942383,2006-05-08,15.202363967895508,2005-08-24,false,false,251
2006-07-12,18.510000228881836,24.809999465942383,2006-05-08,15.202363967895508,2005-08-24,false,false,251
2006-07-13,18.040000915527344,24.809999465942383,2006-05-08,15.202363967895508,2005-08-24,false,false,251
2006-07-14,17.899999618530273,24.809999465942383,2006-05-08,15.202363967895508,2005-08-24,false,false,251
2006-07-17,17.809999465942383,24.809999465942383,2006-05-08,15.202363967895508,2005-08-24,false,false,251
2006-07-18,17.860000610351562,24.809999465942383,2006-05-08,15.202363967895508,2005-08-24,false,false,251
2006-07-19,18.65999984741211,24.809999465942383,2006-05-08,15.202363967895508,2005-08-24,false,false,251
2006-07-20,18.40999984741211,24.809999465942383,2006-05-08,15.202363967895508,2005-08-24,false,false,251
2006-07-21,18.479999542236328,24.809999465942383,2006-05-08,15.202363967895508,2005-08-24,false,false,251
2006-07-24,18.600000381469727,24.809999465942383,2006-05-08,15.202363967895508,2005-08-24,false,false,251
2006-07-25,18.770000457763672,24.809999465942383,2006-05-08,15.202363967895508,2005-08-24,false,false,251
2006-07-26,18.530000686645508,24.809999465942383,2006-05-08,15.202363967895508,2005-08-24,false,false,251
2006-07-27,18.600000381469727,24.809999465942383,2006-05-08,15.202363967895508,2005-08-24,false,false,251
2006-07-28,18.979999542236328,24.809999465942383,2006-05-08,15.202363967895508,2005-08-24,false,false,251
2006-07-31,19.139999389648438,24.809999465942383,2006-05-08,15.202363967895508,2005-08-24,false,false,251
2006-08-01,19.020000457763672,24.809999465942383,2006-05-08,15.202363967895508,2005-08-24,false,false,251
2006-08-02,18.899999618530273,24.809999465942383,2006-05-08,15.202363967895508,2005-08-24,false,false,251
2006-08-03,18.969999313354492,24.809999465942383,2006-05-08,15.202363967895508,2005-08-24,false,false,251
2006-08-04,19.450000762939453,24.809999465942383,2006-05-08,15.202363967895508,2005-08-24,false,false,251
2006-08-07,18.989999771118164,24.809999465942383,2006-05-08,15.202363967895508,2005-08-24,false,false,251
2006-08-08,19.030000686645508,24.809999465942383,2006-05-08,15.202363967895508,2005-08-24,false,false,251
2006-08-09,18.809999465942383,24.809999465942383,2006-05-08,15.202363967895508,2005-08-24,false,false,251
2006-08-10,18.829999923706055,24.809999465942383,2006-05-08,15.202363967895508,2005-08-24,false,false,251
2006-08-11,18.719999313354492,24.809999465942383,2006-05-08,15.202363967895508,2005-08-24,false,false,251
2006-08-14,18.739999771118164,24.809999465942383,2006-05-08,15.202363967895508,2005-08-24,false,false,251
2006-08-15,18.93000030517578,24.809999465942383,2006-05-08,15.202363967895508,2005-08-24,false,false,251
2006-08-16,18.950000762939453,24.809999465942383,2006-05-08,15.202363967895508,2005-08-24,false,false,251
2006-08-17,18.8799991607666,24.809999465942383,2006-05-08,15.202363967895508,2005-08-24,false,false,251
2006-08-18,19.010000228881836,24.809999465942383,2006-05-08,15.202363967895508,2005-08-24,false,false,251
2006-08-21,19,24.809999465942383,2006-05-08,15.202363967895508,2005-08-24,false,false,251
2006-08-22,19.270000457763672,24.809999465942383,2006-05-08,15.202363967895508,2005-08-24,false,false,251
2006-08-23,19.299999237060547,24.809999465942383,2006-05-08,15.202363967895508,2005-08-24,false,false,251
2006-08-24,19.15999984741211,24.809999465942383,2006-05-08,15.202363967895508,2005-08-24,false,false,251
2006-08-25,18.8700008392334,24.809999465942383,2006-05-08,15.367607116699219,2005-08-26,false,false,251
2006-08-28,19.1200008392334,24.809999465942383,2006-05-08,15.367607116699219,2005-08-26,false,false,251
2006-08-29,19.3700008392334,24.809999465942383,2006-05-08,15.435647964477539,2005-10-20,false,false,251
2006-08-30,19.270000457763672,24.809999465942383,2006-05-08,15.435647964477539,2005-10-20,false,false,251
2006-08-31,19.420000076293945,24.809999465942383,2006-05-08,15.435647964477539,2005-10-20,false,false,251
2006-09-01,19.780000686645508,24.809999465942383,2006-05-08,15.435647964477539,2005-10-20,false,false,251
2006-09-05,19.450000762939453,24.809999465942383,2006-05-08,15.435647964477539,2005-10-20,false,false,251
2006-09-06,19.3700008392334,24.809999465942383,2006-05-08,15.435647964477539,2005-10-20,false,false,251
2006-09-07,19.350000381469727,24.809999465942383,2006-05-08,15.435647964477539,2005-10-20,false,false,251
2006-09-08,19.709999084472656,24.809999465942383,2006-05-08,15.435647964477539,2005-10-20,false,false,251
2006-09-11,19.399999618530273,24.809999465942383,2006-05-08,15.435647964477539,2005-10-20,false,false,251
2006-09-12,19.790000915527344,24.809999465942383,2006-05-08,15.435647964477539,2005-10-20,false,false,251
2006-09-13,19.770000457763672,24.809999465942383,2006-05-08,15.435647964477539,2005-10-20,false,false,251
2006-09-14,19.6299991607666,24.809999465942383,2006-05-08,15.435647964477539,2005-10-20,false,false,251
2006-09-15,19.780000686645508,24.809999465942383,2006-05-08,15.435647964477539,2005-10-20,false,false,251
2006-09-18,19.6200008392334,24.809999465942383,2006-05-08,15.435647964477539,2005-10-20,false,false,251
2006-09-19,19.440000534057617,24.809999465942383,2006-05-08,15.435647964477539,2005-10-20,false,false,251
2006-09-20,20.09000015258789,24.809999465942383,2006-05-08,15.435647964477539,2005-10-20,false,false,251
2006-09-21,19.790000915527344,24.809999465942383,2006-05-08,15.435647964477539,2005-10-20,false,false,251
2006-09-22,19.809999465942383,24.809999465942383,2006-05-08,15.435647964477539,2005-10-20,false,false,251
2006-09-25,20.190000534057617,24.809999465942383,2006-05-08,15.435647964477539,2005-10-20,false,false,251
2006-09-26,19.969999313354492,24.809999465942383,2006-05-08,15.435647964477539,2005-10-20,false,false,251
2006-09-27,19.780000686645508,24.809999465942383,2006-05-08,15.435647964477539,2005-10-20,false,false,251
2006-09-28,19.739999771118164,24.809999465942383,2006-05-08,15.435647964477539,2005-10-20,false,false,251
2006-09-29,19.549999237060547,24.809999465942383,2006-05-08,15.435647964477539,2005-10-20,false,false,251
2006-10-02,19.649999618530273,24.809999465942383,2006-05-08,15.435647964477539,2005-10-20,false,false,251
2006-10-03,19.510000228881836,24.809999465942383,2006-05-08,15.435647964477539,2005-10-20,false,false,251
2006-10-04,19.8799991607666,24.809999465942383,2006-05-08,15.435647964477539,2005-10-20,false,false,251
2006-10-05,20.06999969482422,24.809999465942383,2006-05-08,15.435647964477539,2005-10-20,false,false,251
2006-10-06,19.850000381469727,24.809999465942383,2006-05-08,15.435647964477539,2005-10-20,false,false,251
2006-10-09,19.40999984741211,24.809999465942383,2006-05-08,15.435647964477539,2005-10-20,false,false,251
2006-10-10,19.399999618530273,24.809999465942383,2006-05-08,15.435647964477539,2005-10-20,false,false,251
2006-10-11,19.5,24.809999465942383,2006-05-08,15.435647964477539,2005-10-20,false,false,251
2006-10-12,19.729999542236328,24.809999465942383,2006-05-08,15.435647964477539,2005-10-20,false,false,251
2006-10-13,19.860000610351562,24.809999465942383,2006-05-08,15.435647964477539,2005-10-20,false,false,251
2006-10-16,19.780000686645508,24.809999465942383,2006-05-08,15.435647964477539,2005-10-20,false,false,251
2006-10-17,19.649999618530273,24.809999465942383,2006-05-08,15.435647964477539,2005-10-20,false,false,251
2006-10-18,19.719999313354492,24.809999465942383,2006-05-08,15.435647964477539,2005-10-20,false,false,251
2006-10-19,19.690000534057617,24.809999465942383,2006-05-08,15.435647964477539,2005-10-20,false,false,251
2006-10-20,19.600000381469727,24.809999465942383,2006-05-08,15.435647964477539,2005-10-20,false,false,251
2006-10-23,19.610000610351562,24.809999465942383,2006-05-08,15.668932914733887,2005-11-10,false,false,251
2006-10-24,19.649999618530273,24.809999465942383,2006-05-08,15.668932914733887,2005-11-10,false,false,251
2006-10-25,19.700000762939453,24.809999465942383,2006-05-08,15.668932914733887,2005-11-10,false,false,251
2006-10-26,19.690000534057617,24.809999465942383,2006-05-08,15.668932914733887,2005-11-10,false,false,251
2006-10-27,19.440000534057617,24.809999465942383,2006-05-08,15.668932914733887,2005-11-10,false,false,251
2006-10-30,19.719999313354492,24.809999465942383,2006-05-08,15.668932914733887,2005-11-10,false,false,251
2006-10-31,19.780000686645508,24.809999465942383,2006-05-08,15.668932914733887,2005-11-10,false,false,251
2006-11-01,19.59000015258789,24.809999465942383,2006-05-08,15.668932914733887,2005-11-10,false,false,251
2006-11-02,19.610000610351562,24.809999465942383,2006-05-08,15.668932914733887,2005-11-10,false,false,251
2006-11-03,19.75,24.809999465942383,2006-05-08,15.668932914733887,2005-11-10,false,false,251
2006-11-06,19.739999771118164,24.809999465942383,2006-05-08,15.668932914733887,2005-11-10,false,false,251
2006-11-07,19.969999313354492,24.809999465942383,2006-05-08,15.668932914733887,2005-11-10,false,false,251
2006-11-08,20.059999465942383,24.809999465942383,2006-05-08,15.668932914733887,2005-11-10,false,false,251
2006-11-09,20.40999984741211,24.809999465942383,2006-05-08,15.668932914733887,2005-11-10,false,false,251
2006-11-10,20.469999313354492,24.809999465942383,2006-05-08,15.668932914733887,2005-11-10,false,false,251
2006-11-13,20.649999618530273,24.809999465942383,2006-05-08,15.834176063537598,2005-11-15,false,false,251
2006-11-14,21.25,24.809999465942383,2006-05-08,15.834176063537598,2005-11-15,false,false,251
2006-11-15,21.43000030517578,24.809999465942383,2006-05-08,15.834176063537598,2005-11-15,false,false,251
2006-11-16,21.260000228881836,24.809999465942383,2006-05-08,16.02857780456543,2005-11-22,false,false,251
2006-11-17,21.290000915527344,24.809999465942383,2006-05-08,16.02857780456543,2005-11-22,false,false,251
2006-11-20,21.43000030517578,24.809999465942383,2006-05-08,16.02857780456543,2005-11-22,false,false,251
2006-11-21,21.200000762939453,24.809999465942383,2006-05-08,16.02857780456543,2005-11-22,false,false,251
2006-11-22,21.75,24.809999465942383,2006-05-08,16.02857780456543,2005-11-22,false,false,251
2006-11-24,21.59000015258789,24.809999465942383,2006-05-08,16.31046485900879,2005-12-05,false,false,251
2006-11-27,21.59000015258789,24.809999465942383,2006-05-08,16.31046485900879,2005-12-05,false,false,251
2006-11-28,21.399999618530273,24.809999465942383,2006-05-08,16.31046485900879,2005-12-05,false,false,251
2006-11-29,21.31999969482422,24.809999465942383,2006-05-08,16.31046485900879,2005-12-05,false,false,251
2006-11-30,21.489999771118164,24.809999465942383,2006-05-08,16.31046485900879,2005-12-05,false,false,251
2006-12-01,21.229999542236328,24.809999465942383,2006-05-08,16.31046485900879,2005-12-05,false,false,251
2006-12-04,21.709999084472656,24.809999465942383,2006-05-08,16.31046485900879,2005-12-05,false,false,251
2006-12-05,21.729999542236328,24.809999465942383,2006-05-08,16.31046485900879,2005-12-05,false,false,251
2006-12-06,21.809999465942383,24.809999465942383,2006-05-08,17.22416114807129,2005-12-08,false,false,251
2006-12-07,22.31999969482422,24.809999465942383,2006-05-08,17.22416114807129,2005-12-08,false,false,251
2006-12-08,22.639999389648438,24.809999465942383,2006-05-08,17.22416114807129,2005-12-08,false,false,251
2006-12-11,22.420000076293945,24.809999465942383,2006-05-08,17.809999465942383,2006-07-17,false,false,251
2006-12-12,22.190000534057617,24.809999465942383,2006-05-08,17.809999465942383,2006-07-17,false,false,251
2006-12-13,22.219999313354492,24.809999465942383,2006-05-08,17.809999465942383,2006-07-17,false,false,251
2006-12-14,22.729999542236328,24.809999465942383,2006-05-08,17.809999465942383,2006-07-17,false,false,251
2006-12-15,22.850000381469727,24.809999465942383,2006-05-08,17.809999465942383,2006-07-17,false,false,251
2006-12-18,22.59000015258789,24.809999465942383,2006-05-08,17.809999465942383,2006-07-17,false,false,251
2006-12-19,22.700000762939453,24.809999465942383,2006-05-08,17.809999465942383,2006-07-17,false,false,251
2006-12-20,22.8700008392334,24.809999465942383,2006-05-08,17.809999465942383,2006-07-17,false,false,251
2006-12-21,22.709999084472656,24.809999465942383,2006-05-08,17.809999465942383,2006-07-17,false,false,251
2006-12-22,22.65999984741211,24.809999465942383,2006-05-08,17.809999465942383,2006-07-17,false,false,251
2006-12-26,22.850000381469727,24.809999465942383,2006-05-08,17.809999465942383,2006-07-17,false,false,251
2006-12-27,22.950000762939453,24.809999465942383,2006-05-08,17.809999465942383,2006-07-17,false,false,251
2006-12-28,22.780000686645508,24.809999465942383,2006-05-08,17.809999465942383,2006-07-17,false,false,251
2006-12-29,22.709999084472656,24.809999465942383,2006-05-08,17.809999465942383,2006-07-17,false,false,251
2007-01-03,22.950000762939453,24.809999465942383,2006-05-08,17.809999465942383,2006-07-17,false,false,250
2007-01-04,22.969999313354492,24.809999465942383,2006-05-08,17.809999465942383,2006-07-17,false,false,250
2007-01-05,22.350000381469727,24.809999465942383,2006-05-08,17.809999465942383,2006-07-17,false,false,250
2007-01-08,22.309999465942383,24.809999465942383,2006-05-08,17.809999465942383,2006-07-17,false,false,250
2007-01-09,21.75,24.809999465942383,2006-05-08,17.809999465942383,2006-07-17,false,false,250
2007-01-10,21.920000076293945,24.809999465942383,2006-05-08,17.809999465942383,2006-07-17,false,false,250
2007-01-11,22.229999542236328,24.809999465942383,2006-05-08,17.809999465942383,2006-07-17,false,false,250
2007-01-12,22.860000610351562,24.809999465942383,2006-05-08,17.809999465942383,2006-07-17,false,false,250
2007-01-16,22.670000076293945,24.809999465942383,2006-05-08,17.809999465942383,2006-07-17,false,false,250
2007-01-17,22.610000610351562,24.809999465942383,2006-05-08,17.809999465942383,2006-07-17,false,false,250
2007-01-18,22.610000610351562,24.809999465942383,2006-05-08,17.809999465942383,2006-07-17,false,false,250
2007-01-19,23.209999084472656,24.809999465942383,2006-05-08,17.809999465942383,2006-07-17,false,false,250
2007-01-22,23.559999465942383,24.809999465942383,2006-05-08,17.809999465942383,2006-07-17,false,false,250
2007-01-23,23.639999389648438,24.809999465942383,2006-05-08,17.809999465942383,2006-07-17,false,false,250
2007-01-24,23.579999923706055,24.809999465942383,2006-05-08,17.809999465942383,2006-07-17,false,false,250
2007-01-25,23.239999771118164,24.809999465942383,2006-05-08,17.809999465942383,2006-07-17,false,false,250
2007-01-26,23.469999313354492,24.809999465942383,2006-05-08,17.809999465942383,2006-07-17,false,false,250
2007-01-29,23.25,24.809999465942383,2006-05-08,17.809999465942383,2006-07-17,false,false,250
2007-01-30,23.110000610351562,24.809999465942383,2006-05-08,17.809999465942383,2006-07-17,false,false,250
2007-01-31,22.8700008392334,24.809999465942383,2006-05-08,17.809999465942383,2006-07-17,false,false,250
2007-02-01,23.09000015258789,24.809999465942383,2006-05-08,17.809999465942383,2006-07-17,false,false,250
2007-02-02,23.1200008392334,24.809999465942383,2006-05-08,17.809999465942383,2006-07-17,false,false,250
2007-02-05,23.219999313354492,24.809999465942383,2006-05-08,17.809999465942383,2006-07-17,false,false,250
2007-02-06,23.270000457763672,24.809999465942383,2006-05-08,17.809999465942383,2006-07-17,false,false,250
2007-02-07,22.979999542236328,24.809999465942383,2006-05-08,17.809999465942383,2006-07-17,false,false,250
2007-02-08,22.690000534057617,24.809999465942383,2006-05-08,17.809999465942383,2006-07-17,false,false,250
2007-02-09,22.549999237060547,24.809999465942383,2006-05-08,17.809999465942383,2006-07-17,false,false,250
2007-02-12,22.200000762939453,24.809999465942383,2006-05-08,17.809999465942383,2006-07-17,false,false,250
2007-02-13,22.290000915527344,24.809999465942383,2006-05-08,17.809999465942383,2006-07-17,false,false,250
2007-02-14,22.420000076293945,24.809999465942383,2006-05-08,17.809999465942383,2006-07-17,false,false,250
2007-02-15,22.049999237060547,24.809999465942383,2006-05-08,17.809999465942383,2006-07-17,false,false,250
2007-02-16,22.139999389648438,24.809999465942383,2006-05-08,17.809999465942383,2006-07-17,false,false,250
2007-02-20,22.209999084472656,24.809999465942383,2006-05-08,17.809999465942383,2006-07-17,false,false,250
2007-02-21,21.8799991607666,24.809999465942383,2006-05-08,17.809999465942383,2006-07-17,false,false,250
2007-02-22,21.829999923706055,24.809999465942383,2006-05-08,17.809999465942383,2006-07-17,false,false,250
2007-02-23,21.670000076293945,24.809999465942383,2006-05-08,17.809999465942383,2006-07-17,false,false,250
2007-02-26,21.75,24.809999465942383,2006-05-08,17.809999465942383,2006-07-17,false,false,250
2007-02-27,20.639999389648438,24.809999465942383,2006-05-08,17.809999465942383,2006-07-17,false,false,250
2007-02-28,21.040000915527344,24.809999465942383,2006-05-08,17.809999465942383,2006-07-17,false,false,250
2007-03-01,20.959999084472656,24.809999465942383,2006-05-08,17.809999465942383,2006-07-17,false,false,250
2007-03-02,20.360000610351562,24.809999465942383,2006-05-08,17.809999465942383,2006-07-17,false,false,250
2007-03-05,20.280000686645508,24.809999465942383,2006-05-08,17.809999465942383,2006-07-17,false,false,250
2007-03-06,20.610000610351562,24.809999465942383,2006-05-08,17.809999465942383,2006-07-17,false,false,250
2007-03-07,20.049999237060547,24.809999465942383,2006-05-08,17.809999465942383,2006-07-17,false,false,250
2007-03-08,20.200000762939453,24.809999465942383,2006-05-08,17.809999465942383,2006-07-17,false,false,250
2007-03-09,20.030000686645508,24.809999465942383,2006-05-08,17.809999465942383,2006-07-17,false,false,250
2007-03-12,20.1200008392334,24.809999465942383,2006-05-08,17.809999465942383,2006-07-17,false,false,250
2007-03-13,19.81999969482422,24.809999465942383,2006-05-08,17.809999465942383,2006-07-17,false,false,250
2007-03-14,20.610000610351562,24.809999465942383,2006-05-08,17.809999465942383,2006-07-17,false,false,250
2007-03-15,20.6299991607666,24.809999465942383,2006-05-08,17.809999465942383,2006-07-17,false,false,250
2007-03-16,20.389999389648438,24.809999465942383,2006-05-08,17.809999465942383,2006-07-17,false,false,250
2007-03-19,20.6299991607666,24.809999465942383,2006-05-08,17.809999465942383,2006-07-17,false,false,250
2007-03-20,20.65999984741211,24.809999465942383,2006-05-08,17.809999465942383,2006-07-17,false,false,250
2007-03-21,20.889999389648438,24.809999465942383,2006-05-08,17.809999465942383,2006-07-17,false,false,250
2007-03-22,20.530000686645508,24.809999465942383,2006-05-08,17.809999465942383,2006-07-17,false,false,250
2007-03-23,20.510000228881836,24.809999465942383,2006-05-08,17.809999465942383,2006-07-17,false,false,250
2007-03-26,20.329999923706055,24.809999465942383,2006-05-08,17.809999465942383,2006-07-17,false,false,250
2007-03-27,20.299999237060547,24.809999465942383,2006-05-08,17.809999465942383,2006-07-17,false,false,250
2007-03-28,20.06999969482422,24.809999465942383,2006-05-08,17.809999465942383,2006-07-17,false,false,250
2007-03-29,20.06999969482422,24.809999465942383,2006-05-08,17.809999465942383,2006-07-17,false,false,250
2007-03-30,20,24.809999465942383,2006-05-08,17.809999465942383,2006-07-17,false,false,250
2007-04-02,20.3799991607666,24.809999465942383,2006-05-08,17.809999465942383,2006-07-17,false,false,250
2007-04-03,20.559999465942383,24.809999465942383,2006-05-08,17.809999465942383,2006-07-17,false,false,250
2007-04-04,20.459999084472656,24.809999465942383,2006-05-08,17.809999465942383,2006-07-17,false,false,250
2007-04-05,21,24.809999465942383,2006-05-08,17.809999465942383,2006-07-17,false,false,250
2007-04-09,20.81999969482422,24.809999465942383,2006-05-08,17.809999465942383,2006-07-17,false,false,249
2007-04-10,20.75,24.809999465942383,2006-05-08,17.809999465942383,2006-07-17,false,false,249
2007-04-11,21.010000228881836,24.809999465942383,2006-05-08,17.809999465942383,2006-07-17,false,false,249
2007-04-12,21.31999969482422,24.809999465942383,2006-05-08,17.809999465942383,2006-07-17,false,false,249
2007-04-13,21.360000610351562,24.809999465942383,2006-05-08,17.809999465942383,2006-07-17,false,false,249
2007-04-16,21.18000030517578,24.809999465942383,2006-05-08,17.809999465942383,2006-07-17,false,false,250
2007-04-17,21.049999237060547,24.809999465942383,2006-05-08,17.809999465942383,2006-07-17,false,false,250
2007-04-18,21.049999237060547,24.809999465942383,2006-05-08,17.809999465942383,2006-07-17,false,false,250
2007-04-19,20.729999542236328,24.809999465942383,2006-05-08,17.809999465942383,2006-07-17,false,false,250
2007-04-20,20.670000076293945,24.809999465942383,2006-05-08,17.809999465942383,2006-07-17,false,false,250
2007-04-23,20.700000762939453,24.809999465942383,2006-05-08,17.809999465942383,2006-07-17,false,false,250
2007-04-24,20.739999771118164,24.809999465942383,2006-05-08,17.809999465942383,2006-07-17,false,false,250
2007-04-25,20.770000457763672,24.809999465942383,2006-05-08,17.809999465942383,2006-07-17,false,false,250
2007-04-26,20.690000534057617,24.809999465942383,2006-05-08,17.809999465942383,2006-07-17,false,false,250
2007-04-27,20.700000762939453,24.809999465942383,2006-05-08,17.809999465942383,2006-07-17,false,false,250
2007-04-30,20.68000030517578,24.809999465942383,2006-05-08,17.809999465942383,2006-07-17,false,false,250
2007-05-01,21.010000228881836,24.809999465942383,2006-05-08,17.809999465942383,2006-07-17,false,false,250
2007-05-02,21.469999313354492,24.809999465942383,2006-05-08,17.809999465942383,2006-07-17,false,false,250
2007-05-03,21.780000686645508,24.809999465942383,2006-05-08,17.809999465942383,2006-07-17,false,false,250
2007-05-04,21.5,24.809999465942383,2006-05-08,17.809999465942383,2006-07-17,false,false,250
2007-05-07,21.299999237060547,24.809999465942383,2006-05-08,17.809999465942383,2006-07-17,false,false,250
2007-05-08,21.3700008392334,24.809999465942383,2006-05-08,17.809999465942383,2006-07-17,false,false,250
2007-05-09,21.549999237060547,24.450000762939453,2006-05-10,17.809999465942383,2006-07-17,false,false,250
2007-05-10,21.149999618530273,24.450000762939453,2006-05-10,17.809999465942383,2006-07-17,false,false,250
2007-05-11,21.479999542236328,23.639999389648438,2007-01-23,17.809999465942383,2006-07-17,false,false,250
2007-05-14,21.510000228881836,23.639999389648438,2007-01-23,17.809999465942383,2006-07-17,false,false,250
2007-05-15,21.639999389648438,23.639999389648438,2007-01-23,17.809999465942383,2006-07-17,false,false,250
2007-05-16,22.770000457763672,23.639999389648438,2007-01-23,17.809999465942383,2006-07-17,false,false,250
2007-05-17,22.299999237060547,23.639999389648438,2007-01-23,17.809999465942383,2006-07-17,false,false,250
2007-05-18,22.309999465942383,23.639999389648438,2007-01-23,17.809999465942383,2006-07-17,false,false,250
2007-05-21,22.239999771118164,23.639999389648438,2007-01-23,17.809999465942383,2006-07-17,false,false,250
2007-05-22,22.3799991607666,23.639999389648438,2007-01-23,17.809999465942383,2006-07-17,false,false,250
2007-05-23,22.1200008392334,23.639999389648438,2007-01-23,17.809999465942383,2006-07-17,false,false,250
2007-05-24,21.90999984741211,23.639999389648438,2007-01-23,17.809999465942383,2006-07-17,false,false,250
2007-05-25,21.989999771118164,23.639999389648438,2007-01-23,17.809999465942383,2006-07-17,false,false,250
2007-05-29,22.049999237060547,23.639999389648438,2007-01-23,17.809999465942383,2006-07-17,false,false,250
2007-05-30,22.020000457763672,23.639999389648438,2007-01-23,17.809999465942383,2006-07-17,false,false,250
2007-05-31,21.84000015258789,23.639999389648438,2007-01-23,17.809999465942383,2006-07-17,false,false,250
2007-06-01,22.309999465942383,23.639999389648438,2007-01-23,17.809999465942383,2006-07-17,false,false,250
2007-06-04,22.43000030517578,23.639999389648438,2007-01-23,17.809999465942383,2006-07-17,false,false,250
2007-06-05,22.239999771118164,23.639999389648438,2007-01-23,17.809999465942383,2006-07-17,false,false,250
2007-06-06,22.030000686645508,23.639999389648438,2007-01-23,17.809999465942383,2006-07-17,false,false,250
2007-06-07,21.520000457763672,23.639999389648438,2007-01-23,17.809999465942383,2006-07-17,false,false,250
2007-06-08,21.709999084472656,23.639999389648438,2007-01-23,17.809999465942383,2006-07-17,false,false,250
2007-06-11,21.950000762939453,23.639999389648438,2007-01-23,17.809999465942383,2006-07-17,false,false,250
2007-06-12,21.690000534057617,23.639999389648438,2007-01-23,17.809999465942383,2006-07-17,false,false,250
2007-06-13,21.790000915527344,23.639999389648438,2007-01-23,17.809999465942383,2006-07-17,false,false,250
2007-06-14,22.059999465942383,23.639999389648438,2007-01-23,17.809999465942383,2006-07-17,false,false,250
2007-06-15,22.309999465942383,23.639999389648438,2007-01-23,17.809999465942383,2006-07-17,false,false,250
2007-06-18,22.559999465942383,23.639999389648438,2007-01-23,17.809999465942383,2006-07-17,false,false,250
2007-06-19,22.459999084472656,23.639999389648438,2007-01-23,17.809999465942383,2006-07-17,false,false,250
2007-06-20,22.020000457763672,23.639999389648438,2007-01-23,17.809999465942383,2006-07-17,false,false,250
2007-06-21,22.309999465942383,23.639999389648438,2007-01-23,17.809999465942383,2006-07-17,false,false,250
2007-06-22,22.06999969482422,23.639999389648438,2007-01-23,17.809999465942383,2006-07-17,false,false,250
2007-06-25,22.149999618530273,23.639999389648438,2007-01-23,17.809999465942383,2006-07-17,false,false,250
2007-06-26,22.040000915527344,23.639999389648438,2007-01-23,17.809999465942383,2006-07-17,false,false,250
2007-06-27,22.1200008392334,23.639999389648438,2007-01-23,17.809999465942383,2006-07-17,false,false,250
2007-06-28,22.3700008392334,23.639999389648438,2007-01-23,17.809999465942383,2006-07-17,false,false,250
2007-06-29,21.899999618530273,23.639999389648438,2007-01-23,17.809999465942383,2006-07-17,false,false,250
2007-07-02,22.489999771118164,23.639999389648438,2007-01-23,17.809999465942383,2006-07-17,false,false,250
2007-07-03,22.31999969482422,23.639999389648438,2007-01-23,17.809999465942383,2006-07-17,false,false,250
2007-07-05,22.170000076293945,23.639999389648438,2007-01-23,17.809999465942383,2006-07-17,false,false,250
2007-07-06,22.479999542236328,23.639999389648438,2007-01-23,17.809999465942383,2006-07-17,false,false,250
2007-07-09,23.5,23.639999389648438,2007-01-23,17.809999465942383,2006-07-17,false,false,250
2007-07-10,23.25,23.639999389648438,2007-01-23,17.809999465942383,2006-07-17,false,false,250
2007-07-11,23.93000030517578,23.93000030517578,2007-07-11,17.809999465942383,2006-07-17,true,false,250
2007-07-12,24.260000228881836,24.260000228881836,2007-07-12,17.809999465942383,2006-07-17,true,false,250
2007-07-13,25.479999542236328,25.479999542236328,2007-07-13,17.809999465942383,2006-07-17,true,false,250
2007-07-16,25.34000015258789,25.479999542236328,2007-07-13,17.809999465942383,2006-07-17,false,false,250
2007-07-17,25.18000030517578,25.479999542236328,2007-07-13,17.809999465942383,2006-07-17,false,false,250
2007-07-18,24.959999084472656,25.479999542236328,2007-07-13,18.40999984741211,2006-07-20,false,false,250
2007-07-19,24.959999084472656,25.479999542236328,2007-07-13,18.40999984741211,2006-07-20,false,false,250
2007-07-20,24.56999969482422,25.479999542236328,2007-07-13,18.40999984741211,2006-07-20,false,false,250
2007-07-23,25.469999313354492,25.479999542236328,2007-07-13,18.530000686645508,2006-07-26,false,false,250
2007-07-24,25.229999542236328,25.479999542236328,2007-07-13,18.530000686645508,2006-07-26,false,false,250
2007-07-25,25.709999084472656,25.709999084472656,2007-07-25,18.530000686645508,2006-07-26,true,false,250
2007-07-26,24.049999237060547,25.709999084472656,2007-07-25,18.530000686645508,2006-07-26,false,false,250
2007-07-27,23.31999969482422,25.709999084472656,2007-07-25,18.719999313354492,2006-08-11,false,false,250
2007-07-30,24.15999984741211,25.709999084472656,2007-07-25,18.719999313354492,2006-08-11,false,false,250
2007-07-31,23.729999542236328,25.709999084472656,2007-07-25,18.719999313354492,2006-08-11,false,false,250
2007-08-01,23.559999465942383,25.709999084472656,2007-07-25,18.719999313354492,2006-08-11,false,false,250
2007-08-02,23.09000015258789,25.709999084472656,2007-07-25,18.719999313354492,2006-08-11,false,false,250
2007-08-03,22.110000610351562,25.709999084472656,2007-07-25,18.719999313354492,2006-08-11,false,false,250
2007-08-06,22.5,25.709999084472656,2007-07-25,18.719999313354492,2006-08-11,false,false,250
2007-08-07,22.739999771118164,25.709999084472656,2007-07-25,18.719999313354492,2006-08-11,false,false,250
2007-08-08,23.399999618530273,25.709999084472656,2007-07-25,18.719999313354492,2006-08-11,false,false,250
2007-08-09,22.81999969482422,25.709999084472656,2007-07-25,18.719999313354492,2006-08-11,false,false,250
2007-08-10,22.489999771118164,25.709999084472656,2007-07-25,18.719999313354492,2006-08-11,false,false,250
2007-08-13,22.729999542236328,25.709999084472656,2007-07-25,18.719999313354492,2006-08-11,false,false,250
2007-08-14,22.18000030517578,25.709999084472656,2007-07-25,18.8700008392334,2006-08-25,false,false,250
2007-08-15,21.530000686645508,25.709999084472656,2007-07-25,18.8700008392334,2006-08-25,false,false,250
2007-08-16,20.75,25.709999084472656,2007-07-25,18.8700008392334,2006-08-25,false,false,250
2007-08-17,22.3700008392334,25.709999084472656,2007-07-25,18.8700008392334,2006-08-25,false,false,250
2007-08-20,21.959999084472656,25.709999084472656,2007-07-25,18.8700008392334,2006-08-25,false,false,250
2007-08-21,21.350000381469727,25.709999084472656,2007-07-25,18.8700008392334,2006-08-25,false,false,250
2007-08-22,22.049999237060547,25.709999084472656,2007-07-25,18.8700008392334,2006-08-25,false,false,250
2007-08-23,21.979999542236328,25.709999084472656,2007-07-25,18.8700008392334,2006-08-25,false,false,250
2007-08-24,22.329999923706055,25.709999084472656,2007-07-25,18.8700008392334,2006-08-25,false,false,250
2007-08-27,21.959999084472656,25.709999084472656,2007-07-25,18.8700008392334,2006-08-25,false,false,250
2007-08-28,21.309999465942383,25.709999084472656,2007-07-25,19.270000457763672,2006-08-30,false,false,250
2007-08-29,22.170000076293945,25.709999084472656,2007-07-25,19.270000457763672,2006-08-30,false,false,250
2007-08-30,21.709999084472656,25.709999084472656,2007-07-25,19.270000457763672,2006-08-30,false,false,250
2007-08-31,22.530000686645508,25.709999084472656,2007-07-25,19.350000381469727,2006-09-07,false,false,250
2007-09-04,22.450000762939453,25.709999084472656,2007-07-25,19.350000381469727,2006-09-07,false,false,250
2007-09-05,22.1299991607666,25.709999084472656,2007-07-25,19.350000381469727,2006-09-07,false,false,250
2007-09-06,22.3700008392334,25.709999084472656,2007-07-25,19.350000381469727,2006-09-07,false,false,250
2007-09-07,21.950000762939453,25.709999084472656,2007-07-25,19.350000381469727,2006-09-07,false,false,250
2007-09-10,21.920000076293945,25.709999084472656,2007-07-25,19.399999618530273,2006-10-10,false,false,250
2007-09-11,22.43000030517578,25.709999084472656,2007-07-25,19.399999618530273,2006-10-10,false,false,250
2007-09-12,22.010000228881836,25.709999084472656,2007-07-25,19.399999618530273,2006-10-10,false,false,250
2007-09-13,22.100000381469727,25.709999084472656,2007-07-25,19.399999618530273,2006-10-10,false,false,250
2007-09-14,22.190000534057617,25.709999084472656,2007-07-25,19.399999618530273,2006-10-10,false,false,250
2007-09-17,22.1299991607666,25.709999084472656,2007-07-25,19.399999618530273,2006-10-10,false,false,250
2007-09-18,23.110000610351562,25.709999084472656,2007-07-25,19.399999618530273,2006-10-10,false,false,250
2007-09-19,22.75,25.709999084472656,2007-07-25,19.399999618530273,2006-10-10,false,false,250
2007-09-20,22.709999084472656,25.709999084472656,2007-07-25,19.399999618530273,2006-10-10,false,false,250
2007-09-21,22.549999237060547,25.709999084472656,2007-07-25,19.399999618530273,2006-10-10,false,false,250
2007-09-24,22.809999465942383,25.709999084472656,2007-07-25,19.399999618530273,2006-10-10,false,false,250
2007-09-25,22.770000457763672,25.709999084472656,2007-07-25,19.399999618530273,2006-10-10,false,false,250
2007-09-26,22.920000076293945,25.709999084472656,2007-07-25,19.399999618530273,2006-10-10,false,false,250
2007-09-27,23.299999237060547,25.709999084472656,2007-07-25,19.399999618530273,2006-10-10,false,false,250
2007-09-28,23.149999618530273,25.709999084472656,2007-07-25,19.399999618530273,2006-10-10,false,false,250
2007-10-01,23.5,25.709999084472656,2007-07-25,19.399999618530273,2006-10-10,false,false,250
2007-10-02,23.780000686645508,25.709999084472656,2007-07-25,19.399999618530273,2006-10-10,false,false,250
2007-10-03,23.34000015258789,25.709999084472656,2007-07-25,19.399999618530273,2006-10-10,false,false,250
2007-10-04,23.549999237060547,25.709999084472656,2007-07-25,19.399999618530273,2006-10-10,false,false,250
2007-10-05,23.8700008392334,25.709999084472656,2007-07-25,19.399999618530273,2006-10-10,false,false,250
2007-10-08,23.440000534057617,25.709999084472656,2007-07-25,19.399999618530273,2006-10-10,false,false,250
2007-10-09,23.09000015258789,25.709999084472656,2007-07-25,19.399999618530273,2006-10-10,false,false,250
2007-10-10,23.139999389648438,25.709999084472656,2007-07-25,19.399999618530273,2006-10-10,false,false,250
2007-10-11,22.8700008392334,25.709999084472656,2007-07-25,19.440000534057617,2006-10-27,false,false,250
2007-10-12,22.790000915527344,25.709999084472656,2007-07-25,19.440000534057617,2006-10-27,false,false,250
2007-10-15,22.31999969482422,25.709999084472656,2007-07-25,19.440000534057617,2006-10-27,false,false,250
2007-10-16,21.719999313354492,25.709999084472656,2007-07-25,19.440000534057617,2006-10-27,false,false,250
2007-10-17,22.040000915527344,25.709999084472656,2007-07-25,19.440000534057617,2006-10-27,false,false,250
2007-10-18,21.989999771118164,25.709999084472656,2007-07-25,19.440000534057617,2006-10-27,false,false,250
2007-10-19,21.350000381469727,25.709999084472656,2007-07-25,19.440000534057617,2006-10-27,false,false,250
2007-10-22,21.579999923706055,25.709999084472656,2007-07-25,19.440000534057617,2006-10-27,false,false,250
2007-10-23,21.639999389648438,25.709999084472656,2007-07-25,19.440000534057617,2006-10-27,false,false,250
2007-10-24,21.389999389648438,25.709999084472656,2007-07-25,19.440000534057617,2006-10-27,false,false,250
2007-10-25,21.420000076293945,25.709999084472656,2007-07-25,19.440000534057617,2006-10-27,false,false,250
2007-10-26,22.040000915527344,25.709999084472656,2007-07-25,19.440000534057617,2006-10-27,false,false,250
2007-10-29,22.450000762939453,25.709999084472656,2007-07-25,19.440000534057617,2006-10-27,false,false,250
2007-10-30,22.06999969482422,25.709999084472656,2007-07-25,19.59000015258789,2006-11-01,false,false,250
2007-10-31,22.25,25.709999084472656,2007-07-25,19.59000015258789,2006-11-01,false,false,250
2007-11-01,21.530000686645508,25.709999084472656,2007-07-25,19.59000015258789,2006-11-01,false,false,250
2007-11-02,21.3799991607666,25.709999084472656,2007-07-25,19.739999771118164,2006-11-06,false,false,250
2007-11-05,20.850000381469727,25.709999084472656,2007-07-25,19.739999771118164,2006-11-06,false,false,250
2007-11-06,21.15999984741211,25.709999084472656,2007-07-25,19.739999771118164,2006-11-06,false,false,250
2007-11-07,20.579999923706055,25.709999084472656,2007-07-25,19.81999969482422,2007-03-13,false,false,250
2007-11-08,20.1299991607666,25.709999084472656,2007-07-25,19.81999969482422,2007-03-13,false,false,250
2007-11-09,20.270000457763672,25.709999084472656,2007-07-25,19.81999969482422,2007-03-13,false,false,250
2007-11-12,20.100000381469727,25.709999084472656,2007-07-25,19.81999969482422,2007-03-13,false,false,250
2007-11-13,20.8799991607666,25.709999084472656,2007-07-25,19.81999969482422,2007-03-13,false,false,250
2007-11-14,21.06999969482422,25.709999084472656,2007-07-25,19.81999969482422,2007-03-13,false,false,250
2007-11-15,22.079999923706055,25.709999084472656,2007-07-25,19.81999969482422,2007-03-13,false,false,250
2007-11-16,22.18000030517578,25.709999084472656,2007-07-25,19.81999969482422,2007-03-13,false,false,250
2007-11-19,21.079999923706055,25.709999084472656,2007-07-25,19.81999969482422,2007-03-13,false,false,250
2007-11-20,21.030000686645508,25.709999084472656,2007-07-25,19.81999969482422,2007-03-13,false,false,250
2007-11-21,19.75,25.709999084472656,2007-07-25,19.75,2007-11-21,false,true,250
2007-11-23,20.3700008392334,25.709999084472656,2007-07-25,19.75,2007-11-21,false,false,250
2007-11-26,20.09000015258789,25.709999084472656,2007-07-25,19.75,2007-11-21,false,false,250
2007-11-27,20.469999313354492,25.709999084472656,2007-07-25,19.75,2007-11-21,false,false,250
2007-11-28,21.270000457763672,25.709999084472656,2007-07-25,19.75,2007-11-21,false,false,250
2007-11-29,21.059999465942383,25.709999084472656,2007-07-25,19.75,2007-11-21,false,false,250
2007-11-30,21.079999923706055,25.709999084472656,2007-07-25,19.75,2007-11-21,false,false,250
2007-12-03,21.049999237060547,25.709999084472656,2007-07-25,19.75,2007-11-21,false,false,250
2007-12-04,20.899999618530273,25.709999084472656,2007-07-25,19.75,2007-11-21,false,false,250
2007-12-05,21.360000610351562,25.709999084472656,2007-07-25,19.75,2007-11-21,false,false,250
2007-12-06,22.110000610351562,25.709999084472656,2007-07-25,19.75,2007-11-21,false,false,250
2007-12-07,22.31999969482422,25.709999084472656,2007-07-25,19.75,2007-11-21,false,false,250
2007-12-10,22.5,25.709999084472656,2007-07-25,19.75,2007-11-21,false,false,250
2007-12-11,22.149999618530273,25.709999084472656,2007-07-25,19.75,2007-11-21,false,false,250
2007-12-12,22.3799991607666,25.709999084472656,2007-07-25,19.75,2007-11-21,false,false,250
2007-12-13,21.920000076293945,25.709999084472656,2007-07-25,19.75,2007-11-21,false,false,250
2007-12-14,21.559999465942383,25.709999084472656,2007-07-25,19.75,2007-11-21,false,false,250
2007-12-17,20.889999389648438,25.709999084472656,2007-07-25,19.75,2007-11-21,false,false,250
2007-12-18,21.420000076293945,25.709999084472656,2007-07-25,19.75,2007-11-21,false,false,250
2007-12-19,21.309999465942383,25.709999084472656,2007-07-25,19.75,2007-11-21,false,false,250
2007-12-20,21.959999084472656,25.709999084472656,2007-07-25,19.75,2007-11-21,false,false,250
2007-12-21,22.68000030517578,25.709999084472656,2007-07-25,19.75,2007-11-21,false,false,250
2007-12-24,22.989999771118164,25.709999084472656,2007-07-25,19.75,2007-11-21,false,false,250
2007-12-26,21.93000030517578,25.709999084472656,2007-07-25,19.75,2007-11-21,false,false,250
2007-12-27,21.100000381469727,25.709999084472656,2007-07-25,19.75,2007-11-21,false,false,250
2007-12-28,21.139999389648438,25.709999084472656,2007-07-25,19.75,2007-11-21,false,false,250
2007-12-31,20.850000381469727,25.709999084472656,2007-07-25,19.75,2007-11-21,false,false,250
2008-01-02,20.209999084472656,25.709999084472656,2007-07-25,19.75,2007-11-21,false,false,251
2008-01-03,20.600000381469727,25.709999084472656,2007-07-25,19.75,2007-11-21,false,false,251
2008-01-04,19.760000228881836,25.709999084472656,2007-07-25,19.75,2007-11-21,false,false,251
2008-01-07,20.56999969482422,25.709999084472656,2007-07-25,19.75,2007-11-21,false,false,251
2008-01-08,20.040000915527344,25.709999084472656,2007-07-25,19.75,2007-11-21,false,false,251
2008-01-09,20.530000686645508,25.709999084472656,2007-07-25,19.75,2007-11-21,false,false,251
2008-01-10,20.65999984741211,25.709999084472656,2007-07-25,19.75,2007-11-21,false,false,251
2008-01-11,19.899999618530273,25.709999084472656,2007-07-25,19.75,2007-11-21,false,false,251
2008-01-14,20.299999237060547,25.709999084472656,2007-07-25,19.75,2007-11-21,false,false,251
2008-01-15,19.719999313354492,25.709999084472656,2007-07-25,19.719999313354492,2008-01-15,false,true,252
2008-01-16,19.700000762939453,25.709999084472656,2007-07-25,19.700000762939453,2008-01-16,false,true,252
2008-01-17,19.770000457763672,25.709999084472656,2007-07-25,19.700000762939453,2008-01-16,false,false,252
2008-01-18,20.229999542236328,25.709999084472656,2007-07-25,19.700000762939453,2008-01-16,false,false,252
2008-01-22,20.31999969482422,25.709999084472656,2007-07-25,19.700000762939453,2008-01-16,false,false,251
2008-01-23,20.360000610351562,25.709999084472656,2007-07-25,19.700000762939453,2008-01-16,false,false,251
2008-01-24,20.100000381469727,25.709999084472656,2007-07-25,19.700000762939453,2008-01-16,false,false,251
2008-01-25,19.6200008392334,25.709999084472656,2007-07-25,19.6200008392334,2008-01-25,false,true,251
2008-01-28,19.5,25.709999084472656,2007-07-25,19.5,2008-01-28,false,true,251
2008-01-29,19.850000381469727,25.709999084472656,2007-07-25,19.5,2008-01-28,false,false,251
2008-01-30,19.889999389648438,25.709999084472656,2007-07-25,19.5,2008-01-28,false,false,251
2008-01-31,20.1299991607666,25.709999084472656,2007-07-25,19.5,2008-01-28,false,false,251
2008-02-01,19.770000457763672,25.709999084472656,2007-07-25,19.5,2008-01-28,false,false,251
2008-02-04,19.299999237060547,25.709999084472656,2007-07-25,19.299999237060547,2008-02-04,false,true,251
2008-02-05,18.549999237060547,25.709999084472656,2007-07-25,18.549999237060547,2008-02-05,false,true,251
2008-02-06,18.329999923706055,25.709999084472656,2007-07-25,18.329999923706055,2008-02-06,false,true,251
2008-02-07,18.399999618530273,25.709999084472656,2007-07-25,18.329999923706055,2008-02-06,false,false,251
2008-02-08,18.450000762939453,25.709999084472656,2007-07-25,18.329999923706055,2008-02-06,false,false,251
2008-02-11,18.8799991607666,25.709999084472656,2007-07-25,18.329999923706055,2008-02-06,false,false,251
2008-02-12,18.790000915527344,25.709999084472656,2007-07-25,18.329999923706055,2008-02-06,false,false,251
2008-02-13,18.549999237060547,25.709999084472656,2007-07-25,18.329999923706055,2008-02-06,false,false,251
2008-02-14,18.3700008392334,25.709999084472656,2007-07-25,18.329999923706055,2008-02-06,false,false,251
2008-02-15,18.510000228881836,25.709999084472656,2007-07-25,18.329999923706055,2008-02-06,false,false,251
2008-02-19,18.34000015258789,25.709999084472656,2007-07-25,18.329999923706055,2008-02-06,false,false,251
2008-02-20,18.209999084472656,25.709999084472656,2007-07-25,18.209999084472656,2008-02-20,false,true,251
2008-02-21,17.799999237060547,25.709999084472656,2007-07-25,17.799999237060547,2008-02-21,false,true,251
2008-02-22,17.799999237060547,25.709999084472656,2007-07-25,17.799999237060547,2008-02-22,false,true,251
2008-02-25,18.270000457763672,25.709999084472656,2007-07-25,17.799999237060547,2008-02-22,false,false,251
2008-02-26,18.520000457763672,25.709999084472656,2007-07-25,17.799999237060547,2008-02-22,false,false,251
2008-02-27,18.3700008392334,25.709999084472656,2007-07-25,17.799999237060547,2008-02-22,false,false,251
2008-02-28,17.93000030517578,25.709999084472656,2007-07-25,17.799999237060547,2008-02-22,false,false,251
2008-02-29,17.309999465942383,25.709999084472656,2007-07-25,17.309999465942383,2008-02-29,false,true,251
2008-03-03,17.049999237060547,25.709999084472656,2007-07-25,17.049999237060547,2008-03-03,false,true,251
2008-03-04,16.65999984741211,25.709999084472656,2007-07-25,16.65999984741211,2008-03-04,false,true,251
2008-03-05,16.670000076293945,25.709999084472656,2007-07-25,16.65999984741211,2008-03-04,false,false,251
2008-03-06,15.90999984741211,25.709999084472656,2007-07-25,15.90999984741211,2008-03-06,false,true,251
2008-03-07,15.329999923706055,25.709999084472656,2007-07-25,15.329999923706055,2008-03-07,false,true,251
2008-03-10,15.050000190734863,25.709999084472656,2007-07-25,15.050000190734863,2008-03-10,false,true,251
2008-03-11,15.930000305175781,25.709999084472656,2007-07-25,15.050000190734863,2008-03-10,false,false,251
2008-03-12,15.550000190734863,25.709999084472656,2007-07-25,15.050000190734863,2008-03-10,false,false,251
2008-03-13,15.09000015258789,25.709999084472656,2007-07-25,15.050000190734863,2008-03-10,false,false,251
2008-03-14,14.59000015258789,25.709999084472656,2007-07-25,14.59000015258789,2008-03-14,false,true,251
2008-03-17,14.1899995803833,25.709999084472656,2007-07-25,14.1899995803833,2008-03-17,false,true,251
2008-03-18,14.40999984741211,25.709999084472656,2007-07-25,14.1899995803833,2008-03-17,false,false,251
2008-03-19,13.989999771118164,25.709999084472656,2007-07-25,13.989999771118164,2008-03-19,false,true,251
2008-03-20,14.25,25.709999084472656,2007-07-25,13.989999771118164,2008-03-19,false,false,251
2008-03-24,14.979999542236328,25.709999084472656,2007-07-25,13.989999771118164,2008-03-19,false,false,250
2008-03-25,15.630000114440918,25.709999084472656,2007-07-25,13.989999771118164,2008-03-19,false,false,250
2008-03-26,15.180000305175781,25.709999084472656,2007-07-25,13.989999771118164,2008-03-19,false,false,250
2008-03-27,15.199999809265137,25.709999084472656,2007-07-25,13.989999771118164,2008-03-19,false,false,250
2008-03-28,14.890000343322754,25.709999084472656,2007-07-25,13.989999771118164,2008-03-19,false,false,250
2008-03-31,15.039999961853027,25.709999084472656,2007-07-25,13.989999771118164,2008-03-19,false,false,250
2008-04-01,15.710000038146973,25.709999084472656,2007-07-25,13.989999771118164,2008-03-19,false,false,250
2008-04-02,16.3799991607666,25.709999084472656,2007-07-25,13.989999771118164,2008-03-19,false,false,250
2008-04-03,16.600000381469727,25.709999084472656,2007-07-25,13.989999771118164,2008-03-19,false,false,250
2008-04-04,16.479999542236328,25.709999084472656,2007-07-25,13.989999771118164,2008-03-19,false,false,250
2008-04-07,16.350000381469727,25.709999084472656,2007-07-25,13.989999771118164,2008-03-19,false,false,251
2008-04-08,15.829999923706055,25.709999084472656,2007-07-25,13.989999771118164,2008-03-19,false,false,251
2008-04-09,15.600000381469727,25.709999084472656,2007-07-25,13.989999771118164,2008-03-19,false,false,251
2008-04-10,16.040000915527344,25.709999084472656,2007-07-25,13.989999771118164,2008-03-19,false,false,251
2008-04-11,16.1200008392334,25.709999084472656,2007-07-25,13.989999771118164,2008-03-19,false,false,251
2008-04-14,16.110000610351562,25.709999084472656,2007-07-25,13.989999771118164,2008-03-19,false,false,251
2008-04-15,15.600000381469727,25.709999084472656,2007-07-25,13.989999771118164,2008-03-19,false,false,251
2008-04-16,15.899999618530273,25.709999084472656,2007-07-25,13.989999771118164,2008-03-19,false,false,251
2008-04-17,15.720000267028809,25.709999084472656,2007-07-25,13.989999771118164,2008-03-19,false,false,251
2008-04-18,15.789999961853027,25.709999084472656,2007-07-25,13.989999771118164,2008-03-19,false,false,251
2008-04-21,15.739999771118164,25.709999084472656,2007-07-25,13.989999771118164,2008-03-19,false,false,251
2008-04-22,15.3100004196167,25.709999084472656,2007-07-25,13.989999771118164,2008-03-19,false,false,251
2008-04-23,15.5,25.709999084472656,2007-07-25,13.989999771118164,2008-03-19,false,false,251
2008-04-24,15.5,25.709999084472656,2007-07-25,13.989999771118164,2008-03-19,false,false,251
2008-04-25,16.09000015258789,25.709999084472656,2007-07-25,13.989999771118164,2008-03-19,false,false,251
2008-04-28,16.229999542236328,25.709999084472656,2007-07-25,13.989999771118164,2008-03-19,false,false,251
2008-04-29,16.139999389648438,25.709999084472656,2007-07-25,13.989999771118164,2008-03-19,false,false,251
2008-04-30,16.43000030517578,25.709999084472656,2007-07-25,13.989999771118164,2008-03-19,false,false,251
2008-05-01,16.600000381469727,25.709999084472656,2007-07-25,13.989999771118164,2008-03-19,false,false,251
2008-05-02,16.829999923706055,25.709999084472656,2007-07-25,13.989999771118164,2008-03-19,false,false,251
2008-05-05,16.690000534057617,25.709999084472656,2007-07-25,13.989999771118164,2008-03-19,false,false,251
2008-05-06,16.68000030517578,25.709999084472656,2007-07-25,13.989999771118164,2008-03-19,false,false,251
2008-05-07,16.059999465942383,25.709999084472656,2007-07-25,13.989999771118164,2008-03-19,false,false,251
2008-05-08,15.779999732971191,25.709999084472656,2007-07-25,13.989999771118164,2008-03-19,false,false,251
2008-05-09,15.529999732971191,25.709999084472656,2007-07-25,13.989999771118164,2008-03-19,false,false,251
2008-05-12,15.84000015258789,25.709999084472656,2007-07-25,13.989999771118164,2008-03-19,false,false,251
2008-05-13,15.75,25.709999084472656,2007-07-25,13.989999771118164,2008-03-19,false,false,251
2008-05-14,15.739999771118164,25.709999084472656,2007-07-25,13.989999771118164,2008-03-19,false,false,251
2008-05-15,16.219999313354492,25.709999084472656,2007-07-25,13.989999771118164,2008-03-19,false,false,251
2008-05-16,16.350000381469727,25.709999084472656,2007-07-25,13.989999771118164,2008-03-19,false,false,251
2008-05-19,16.31999969482422,25.709999084472656,2007-07-25,13.989999771118164,2008-03-19,false,false,251
2008-05-20,15.859999656677246,25.709999084472656,2007-07-25,13.989999771118164,2008-03-19,false,false,251
2008-05-21,15.710000038146973,25.709999084472656,2007-07-25,13.989999771118164,2008-03-19,false,false,251
2008-05-22,15.819999694824219,25.709999084472656,2007-07-25,13.989999771118164,2008-03-19,false,false,251
2008-05-23,15.829999923706055,25.709999084472656,2007-07-25,13.989999771118164,2008-03-19,false,false,251
2008-05-27,16.209999084472656,25.709999084472656,2007-07-25,13.989999771118164,2008-03-19,false,false,251
2008-05-28,16.110000610351562,25.709999084472656,2007-07-25,13.989999771118164,2008-03-19,false,false,251
2008-05-29,16.200000762939453,25.709999084472656,2007-07-25,13.989999771118164,2008-03-19,false,false,251
2008-05-30,16.15999984741211,25.709999084472656,2007-07-25,13.989999771118164,2008-03-19,false,false,251
2008-06-02,15.859999656677246,25.709999084472656,2007-07-25,13.989999771118164,2008-03-19,false,false,251
2008-06-03,15.84000015258789,25.709999084472656,2007-07-25,13.989999771118164,2008-03-19,false,false,251
2008-06-04,16.010000228881836,25.709999084472656,2007-07-25,13.989999771118164,2008-03-19,false,false,251
2008-06-05,16.229999542236328,25.709999084472656,2007-07-25,13.989999771118164,2008-03-19,false,false,251
2008-06-06,15.550000190734863,25.709999084472656,2007-07-25,13.989999771118164,2008-03-19,false,false,251
2008-06-09,15.300000190734863,25.709999084472656,2007-07-25,13.989999771118164,2008-03-19,false,false,251
2008-06-10,15.260000228881836,25.709999084472656,2007-07-25,13.989999771118164,2008-03-19,false,false,251
2008-06-11,14.779999732971191,25.709999084472656,2007-07-25,13.989999771118164,2008-03-19,false,false,251
2008-06-12,14.760000228881836,25.709999084472656,2007-07-25,13.989999771118164,2008-03-19,false,false,251
2008-06-13,14.989999771118164,25.709999084472656,2007-07-25,13.989999771118164,2008-03-19,false,false,251
2008-06-16,15.279999732971191,25.709999084472656,2007-07-25,13.989999771118164,2008-03-19,false,false,251
2008-06-17,15.449999809265137,25.709999084472656,2007-07-25,13.989999771118164,2008-03-19,false,false,251
2008-06-18,14.850000381469727,25.709999084472656,2007-07-25,13.989999771118164,2008-03-19,false,false,251
2008-06-19,15.199999809265137,25.709999084472656,2007-07-25,13.989999771118164,2008-03-19,false,false,251
2008-06-20,14.609999656677246,25.709999084472656,2007-07-25,13.989999771118164,2008-03-19,false,false,251
2008-06-23,14.399999618530273,25.709999084472656,2007-07-25,13.989999771118164,2008-03-19,false,false,251
2008-06-24,14.420000076293945,25.709999084472656,2007-07-25,13.989999771118164,2008-03-19,false,false,251
2008-06-25,14.760000228881836,25.709999084472656,2007-07-25,13.989999771118164,2008-03-19,false,false,251
2008-06-26,14.5600004196167,25.709999084472656,2007-07-25,13.989999771118164,2008-03-19,false,false,251
2008-06-27,14.699999809265137,25.709999084472656,2007-07-25,13.989999771118164,2008-03-19,false,false,251
2008-06-30,14.529999732971191,25.709999084472656,2007-07-25,13.989999771118164,2008-03-19,false,false,251
2008-07-01,14.550000190734863,25.709999084472656,2007-07-25,13.989999771118164,2008-03-19,false,false,251
2008-07-02,14.729999542236328,25.709999084472656,2007-07-25,13.989999771118164,2008-03-19,false,false,251
2008-07-03,14.75,25.709999084472656,2007-07-25,13.989999771118164,2008-03-19,false,false,252
2008-07-07,14.619999885559082,25.709999084472656,2007-07-25,13.989999771118164,2008-03-19,false,false,251
2008-07-08,14.819999694824219,25.709999084472656,2007-07-25,13.989999771118164,2008-03-19,false,false,251
2008-07-09,15.15999984741211,25.709999084472656,2007-07-25,13.989999771118164,2008-03-19,false,false,251
2008-07-10,15.430000305175781,25.709999084472656,2007-07-25,13.989999771118164,2008-03-19,false,false,251
2008-07-11,15.5600004196167,25.709999084472656,2007-07-25,13.989999771118164,2008-03-19,false,false,251
2008-07-14,15.020000457763672,25.709999084472656,2007-07-25,13.989999771118164,2008-03-19,false,false,251
2008-07-15,14.6899995803833,25.709999084472656,2007-07-25,13.989999771118164,2008-03-19,false,false,251
2008-07-16,15.100000381469727,25.709999084472656,2007-07-25,13.989999771118164,2008-03-19,false,false,251
2008-07-17,14.800000190734863,25.709999084472656,2007-07-25,13.989999771118164,2008-03-19,false,false,251
2008-07-18,14.5,25.709999084472656,2007-07-25,13.989999771118164,2008-03-19,false,false,251
2008-07-21,15.199999809265137,25.709999084472656,2007-07-25,13.989999771118164,2008-03-19,false,false,251
2008-07-22,15.449999809265137,25.709999084472656,2007-07-25,13.989999771118164,2008-03-19,false,false,251
2008-07-23,15.989999771118164,25.709999084472656,2007-07-25,13.989999771118164,2008-03-19,false,false,251
2008-07-24,15.569999694824219,25.709999084472656,2007-07-25,13.989999771118164,2008-03-19,false,false,251
2008-07-25,15.859999656677246,24.15999984741211,2007-07-30,13.989999771118164,2008-03-19,false,false,251
2008-07-28,15.699999809265137,24.15999984741211,2007-07-30,13.989999771118164,2008-03-19,false,false,251
2008-07-29,15.970000267028809,24.15999984741211,2007-07-30,13.989999771118164,2008-03-19,false,false,251
2008-07-30,15.770000457763672,23.8700008392334,2007-10-05,13.989999771118164,2008-03-19,false,false,251
2008-07-31,15.949999809265137,23.8700008392334,2007-10-05,13.989999771118164,2008-03-19,false,false,251
2008-08-01,15.569999694824219,23.8700008392334,2007-10-05,13.989999771118164,2008-03-19,false,false,251
2008-08-04,15.539999961853027,23.8700008392334,2007-10-05,13.989999771118164,2008-03-19,false,false,251
2008-08-05,16.31999969482422,23.8700008392334,2007-10-05,13.989999771118164,2008-03-19,false,false,251
2008-08-06,16.270000457763672,23.8700008392334,2007-10-05,13.989999771118164,2008-03-19,false,false,251
2008-08-07,15.869999885559082,23.8700008392334,2007-10-05,13.989999771118164,2008-03-19,false,false,251
2008-08-08,16.079999923706055,23.8700008392334,2007-10-05,13.989999771118164,2008-03-19,false,false,251
2008-08-11,16.190000534057617,23.8700008392334,2007-10-05,13.989999771118164,2008-03-19,false,false,251
2008-08-12,15.670000076293945,23.8700008392334,2007-10-05,13.989999771118164,2008-03-19,false,false,251
2008-08-13,15.100000381469727,23.8700008392334,2007-10-05,13.989999771118164,2008-03-19,false,false,251
2008-08-14,15.359999656677246,23.8700008392334,2007-10-05,13.989999771118164,2008-03-19,false,false,251
2008-08-15,15.390000343322754,23.8700008392334,2007-10-05,13.989999771118164,2008-03-19,false,false,251
2008-08-18,15.020000457763672,23.8700008392334,2007-10-05,13.989999771118164,2008-03-19,false,false,251
2008-08-19,14.829999923706055,23.8700008392334,2007-10-05,13.989999771118164,2008-03-19,false,false,251
2008-08-20,15.399999618530273,23.8700008392334,2007-10-05,13.989999771118164,2008-03-19,false,false,251
2008-08-21,15.180000305175781,23.8700008392334,2007-10-05,13.989999771118164,2008-03-19,false,false,251
2008-08-22,14.899999618530273,23.8700008392334,2007-10-05,13.989999771118164,2008-03-19,false,false,251
2008-08-25,14.569999694824219,23.8700008392334,2007-10-05,13.989999771118164,2008-03-19,false,false,251
2008-08-26,14.699999809265137,23.8700008392334,2007-10-05,13.989999771118164,2008-03-19,false,false,251
2008-08-27,14.930000305175781,23.8700008392334,2007-10-05,13.989999771118164,2008-03-19,false,false,251
2008-08-28,15.130000114440918,23.8700008392334,2007-10-05,13.989999771118164,2008-03-19,false,false,251
2008-08-29,15.050000190734863,23.8700008392334,2007-10-05,13.989999771118164,2008-03-19,false,false,251
2008-09-02,14.319999694824219,23.8700008392334,2007-10-05,13.989999771118164,2008-03-19,false,false,251
2008-09-03,14.010000228881836,23.8700008392334,2007-10-05,13.989999771118164,2008-03-19,false,false,251
2008-09-04,13.859999656677246,23.8700008392334,2007-10-05,13.859999656677246,2008-09-04,false,true,251
2008-09-05,14.069999694824219,23.8700008392334,2007-10-05,13.859999656677246,2008-09-04,false,false,251
2008-09-08,14.640000343322754,23.8700008392334,2007-10-05,13.859999656677246,2008-09-04,false,false,251
2008-09-09,13.859999656677246,23.8700008392334,2007-10-05,13.859999656677246,2008-09-09,false,true,251
2008-09-10,14.1899995803833,23.8700008392334,2007-10-05,13.859999656677246,2008-09-09,false,false,251
2008-09-11,13.75,23.8700008392334,2007-10-05,13.75,2008-09-11,false,true,251
2008-09-12,14.069999694824219,23.8700008392334,2007-10-05,13.75,2008-09-11,false,false,251
2008-09-15,13.34000015258789,23.8700008392334,2007-10-05,13.34000015258789,2008-09-15,false,true,251
2008-09-16,13.220000267028809,23.8700008392334,2007-10-05,13.220000267028809,2008-09-16,false,true,251
2008-09-17,12.829999923706055,23.8700008392334,2007-10-05,12.829999923706055,2008-09-17,false,true,251
2008-09-18,13.260000228881836,23.8700008392334,2007-10-05,12.829999923706055,2008-09-17,false,false,251
2008-09-19,14.5600004196167,23.8700008392334,2007-10-05,12.829999923706055,2008-09-17,false,false,251
2008-09-22,13.529999732971191,23.8700008392334,2007-10-05,12.829999923706055,2008-09-17,false,false,251
2008-09-23,13.5,23.8700008392334,2007-10-05,12.829999923706055,2008-09-17,false,false,251
2008-09-24,13.550000190734863,23.8700008392334,2007-10-05,12.829999923706055,2008-09-17,false,false,251
2008-09-25,13.770000457763672,23.8700008392334,2007-10-05,12.829999923706055,2008-09-17,false,false,251
2008-09-26,13.460000038146973,23.8700008392334,2007-10-05,12.829999923706055,2008-09-17,false,false,251
2008-09-29,12.079999923706055,23.8700008392334,2007-10-05,12.079999923706055,2008-09-29,false,true,251
2008-09-30,12.390000343322754,23.8700008392334,2007-10-05,12.079999923706055,2008-09-29,false,false,251
2008-10-01,12.5,23.8700008392334,2007-10-05,12.079999923706055,2008-09-29,false,false,251
2008-10-02,11.819999694824219,23.8700008392334,2007-10-05,11.819999694824219,2008-10-02,false,true,251
2008-10-03,11.9399995803833,23.8700008392334,2007-10-05,11.819999694824219,2008-10-02,false,false,251
2008-10-06,11.010000228881836,23.8700008392334,2007-10-05,11.010000228881836,2008-10-06,false,true,251
2008-10-07,10.399999618530273,23.139999389648438,2007-10-10,10.399999618530273,2008-10-07,false,true,251
2008-10-08,10.270000457763672,23.139999389648438,2007-10-10,10.270000457763672,2008-10-08,false,true,251
2008-10-09,9,23.139999389648438,2007-10-10,9,2008-10-09,false,true,251
2008-10-10,9.079999923706055,22.989999771118164,2007-12-24,9,2008-10-09,false,false,251
2008-10-13,11.920000076293945,22.989999771118164,2007-12-24,9,2008-10-09,false,false,251
2008-10-14,11.84000015258789,22.989999771118164,2007-12-24,9,2008-10-09,false,false,251
2008-10-15,10.34000015258789,22.989999771118164,2007-12-24,9,2008-10-09,false,false,251
2008-10-16,9.970000267028809,22.989999771118164,2007-12-24,9,2008-10-09,false,false,251
2008-10-17,9.649999618530273,22.989999771118164,2007-12-24,9,2008-10-09,false,false,251
2008-10-20,10.449999809265137,22.989999771118164,2007-12-24,9,2008-10-09,false,false,251
2008-10-21,9.5600004196167,22.989999771118164,2007-12-24,9,2008-10-09,false,false,251
2008-10-22,8.920000076293945,22.989999771118164,2007-12-24,8.920000076293945,2008-10-22,false,true,251
2008-10-23,8.350000381469727,22.989999771118164,2007-12-24,8.350000381469727,2008-10-23,false,true,251
2008-10-24,7.46999979019165,22.989999771118164,2007-12-24,7.46999979019165,2008-10-24,false,true,251
2008-10-27,7.619999885559082,22.989999771118164,2007-12-24,7.46999979019165,2008-10-24,false,false,251
2008-10-28,9.390000343322754,22.989999771118164,2007-12-24,7.46999979019165,2008-10-24,false,false,251
2008-10-29,8.640000343322754,22.989999771118164,2007-12-24,7.46999979019165,2008-10-24,false,false,251
2008-10-30,10.550000190734863,22.989999771118164,2007-12-24,7.46999979019165,2008-10-24,false,false,251
2008-10-31,9.899999618530273,22.989999771118164,2007-12-24,7.46999979019165,2008-10-24,false,false,251
2008-11-03,10.149999618530273,22.989999771118164,2007-12-24,7.46999979019165,2008-10-24,false,false,251
2008-11-04,11.199999809265137,22.989999771118164,2007-12-24,7.46999979019165,2008-10-24,false,false,251
2008-11-05,10.149999618530273,22.989999771118164,2007-12-24,7.46999979019165,2008-10-24,false,false,251
2008-11-06,9.010000228881836,22.989999771118164,2007-12-24,7.46999979019165,2008-10-24,false,false,251
2008-11-07,9.890000343322754,22.989999771118164,2007-12-24,7.46999979019165,2008-10-24,false,false,251
2008-11-10,9.920000076293945,22.989999771118164,2007-12-24,7.46999979019165,2008-10-24,false,false,251
2008-11-11,9.5,22.989999771118164,2007-12-24,7.46999979019165,2008-10-24,false,false,251
2008-11-12,9.1899995803833,22.989999771118164,2007-12-24,7.46999979019165,2008-10-24,false,false,251
2008-11-13,10.729999542236328,22.989999771118164,2007-12-24,7.46999979019165,2008-10-24,false,false,251
2008-11-14,9.15999984741211,22.989999771118164,2007-12-24,7.46999979019165,2008-10-24,false,false,251
2008-11-17,9.0600004196167,22.989999771118164,2007-12-24,7.46999979019165,2008-10-24,false,false,251
2008-11-18,8.890000343322754,22.989999771118164,2007-12-24,7.46999979019165,2008-10-24,false,false,251
2008-11-19,8.100000381469727,22.989999771118164,2007-12-24,7.46999979019165,2008-10-24,false,false,251
2008-11-20,7.230000019073486,22.989999771118164,2007-12-24,7.230000019073486,2008-11-20,false,true,251
2008-11-21,8.569999694824219,22.989999771118164,2007-12-24,7.230000019073486,2008-11-20,false,false,252
2008-11-24,8.84000015258789,22.989999771118164,2007-12-24,7.230000019073486,2008-11-20,false,false,252
2008-11-25,8.430000305175781,22.989999771118164,2007-12-24,7.230000019073486,2008-11-20,false,false,252
2008-11-26,9.5,22.989999771118164,2007-12-24,7.230000019073486,2008-11-20,false,false,252
2008-11-28,9.300000190734863,22.989999771118164,2007-12-24,7.230000019073486,2008-11-20,false,false,251
2008-12-01,8.369999885559082,22.989999771118164,2007-12-24,7.230000019073486,2008-11-20,false,false,251
2008-12-02,8.869999885559082,22.989999771118164,2007-12-24,7.230000019073486,2008-11-20,false,false,251
2008-12-03,8.979999542236328,22.989999771118164,2007-12-24,7.230000019073486,2008-11-20,false,false,251
2008-12-04,8.40999984741211,22.989999771118164,2007-12-24,7.230000019073486,2008-11-20,false,false,251
2008-12-05,9.319999694824219,22.989999771118164,2007-12-24,7.230000019073486,2008-11-20,false,false,251
2008-12-08,10.470000267028809,22.989999771118164,2007-12-24,7.230000019073486,2008-11-20,false,false,251
2008-12-09,10.449999809265137,22.989999771118164,2007-12-24,7.230000019073486,2008-11-20,false,false,251
2008-12-10,11.630000114440918,22.989999771118164,2007-12-24,7.230000019073486,2008-11-20,false,false,251
2008-12-11,11.350000381469727,22.989999771118164,2007-12-24,7.230000019073486,2008-11-20,false,false,251
2008-12-12,11.569999694824219,22.989999771118164,2007-12-24,7.230000019073486,2008-11-20,false,false,251
2008-12-15,11.420000076293945,22.989999771118164,2007-12-24,7.230000019073486,2008-11-20,false,false,251
2008-12-16,12.25,22.989999771118164,2007-12-24,7.230000019073486,2008-11-20,false,false,251
2008-12-17,12.420000076293945,22.989999771118164,2007-12-24,7.230000019073486,2008-11-20,false,false,251
2008-12-18,12.34000015258789,22.989999771118164,2007-12-24,7.230000019073486,2008-11-20,false,false,251
2008-12-19,12.289999961853027,22.989999771118164,2007-12-24,7.230000019073486,2008-11-20,false,false,251
2008-12-22,11.630000114440918,22.989999771118164,2007-12-24,7.230000019073486,2008-11-20,false,false,251
2008-12-23,11.229999542236328,22.989999771118164,2007-12-24,7.230000019073486,2008-11-20,false,false,251
2008-12-24,11.529999732971191,21.93000030517578,2007-12-26,7.230000019073486,2008-11-20,false,false,252
2008-12-26,11.579999923706055,21.93000030517578,2007-12-26,7.230000019073486,2008-11-20,false,false,251
2008-12-29,11.670000076293945,20.850000381469727,2007-12-31,7.230000019073486,2008-11-20,false,false,251
2008-12-30,11.470000267028809,20.850000381469727,2007-12-31,7.230000019073486,2008-11-20,false,false,251
2008-12-31,11.609999656677246,20.65999984741211,2008-01-10,7.230000019073486,2008-11-20,false,false,252
2009-01-02,12.100000381469727,20.65999984741211,2008-01-10,7.230000019073486,2008-11-20,false,false,251
2009-01-05,12.140000343322754,20.65999984741211,2008-01-10,7.230000019073486,2008-11-20,false,false,251
2009-01-06,12.380000114440918,20.65999984741211,2008-01-10,7.230000019073486,2008-11-20,false,false,251
2009-01-07,12.34000015258789,20.65999984741211,2008-01-10,7.230000019073486,2008-11-20,false,false,251
2009-01-08,11.90999984741211,20.65999984741211,2008-01-10,7.230000019073486,2008-11-20,false,false,251
2009-01-09,11.229999542236328,20.65999984741211,2008-01-10,7.230000019073486,2008-11-20,false,false,251
2009-01-12,10.960000038146973,20.360000610351562,2008-01-23,7.230000019073486,2008-11-20,false,false,251
2009-01-13,11.039999961853027,20.360000610351562,2008-01-23,7.230000019073486,2008-11-20,false,false,251
2009-01-14,10.510000228881836,20.360000610351562,2008-01-23,7.230000019073486,2008-11-20,false,false,251
2009-01-15,10.1899995803833,20.360000610351562,2008-01-23,7.230000019073486,2008-11-20,false,false,251
2009-01-16,10.510000228881836,20.360000610351562,2008-01-23,7.230000019073486,2008-11-20,false,false,251
2009-01-20,9.869999885559082,20.360000610351562,2008-01-23,7.230000019073486,2008-11-20,false,false,251
2009-01-21,10.039999961853027,20.360000610351562,2008-01-23,7.230000019073486,2008-11-20,false,false,251
2009-01-22,9.930000305175781,20.360000610351562,2008-01-23,7.230000019073486,2008-11-20,false,false,251
2009-01-23,9.90999984741211,20.1299991607666,2008-01-31,7.230000019073486,2008-11-20,false,false,251
2009-01-26,9.930000305175781,20.1299991607666,2008-01-31,7.230000019073486,2008-11-20,false,false,251
2009-01-27,10.25,20.1299991607666,2008-01-31,7.230000019073486,2008-11-20,false,false,251
2009-01-28,10.880000114440918,20.1299991607666,2008-01-31,7.230000019073486,2008-11-20,false,false,251
2009-01-29,10.300000190734863,20.1299991607666,2008-01-31,7.230000019073486,2008-11-20,false,false,251
2009-01-30,9.9399995803833,20.1299991607666,2008-01-31,7.230000019073486,2008-11-20,false,false,251
2009-02-02,9.670000076293945,19.299999237060547,2008-02-04,7.230000019073486,2008-11-20,false,false,251
2009-02-03,9.960000038146973,19.299999237060547,2008-02-04,7.230000019073486,2008-11-20,false,false,251
2009-02-04,9.9399995803833,18.8799991607666,2008-02-11,7.230000019073486,2008-11-20,false,false,251
2009-02-05,9.890000343322754,18.8799991607666,2008-02-11,7.230000019073486,2008-11-20,false,false,251
2009-02-06,10.579999923706055,18.8799991607666,2008-02-11,7.230000019073486,2008-11-20,false,false,251
2009-02-09,10.460000038146973,18.8799991607666,2008-02-11,7.230000019073486,2008-11-20,false,false,251
2009-02-10,9.720000267028809,18.8799991607666,2008-02-11,7.230000019073486,2008-11-20,false,false,251
2009-02-11,9.859999656677246,18.549999237060547,2008-02-13,7.230000019073486,2008-11-20,false,false,251
2009-02-12,9.899999618530273,18.549999237060547,2008-02-13,7.230000019073486,2008-11-20,false,false,251
2009-02-13,9.65999984741211,18.520000457763672,2008-02-26,7.230000019073486,2008-11-20,false,false,251
2009-02-17,8.510000228881836,18.520000457763672,2008-02-26,7.230000019073486,2008-11-20,false,false,251
2009-02-18,8.270000457763672,18.520000457763672,2008-02-26,7.230000019073486,2008-11-20,false,false,251
2009-02-19,8.050000190734863,18.520000457763672,2008-02-26,7.230000019073486,2008-11-20,false,false,251
2009-02-20,7.610000133514404,18.520000457763672,2008-02-26,7.230000019073486,2008-11-20,false,false,251
2009-02-23,7.960000038146973,18.520000457763672,2008-02-26,7.230000019073486,2008-11-20,false,false,251
2009-02-24,8.15999984741211,18.520000457763672,2008-02-26,7.230000019073486,2008-11-20,false,false,251
2009-02-25,7.920000076293945,18.520000457763672,2008-02-26,7.230000019073486,2008-11-20,false,false,251
2009-02-26,7.789999961853027,17.93000030517578,2008-02-28,7.230000019073486,2008-11-20,false,false,251
2009-02-27,7.630000114440918,17.93000030517578,2008-02-28,7.230000019073486,2008-11-20,false,false,251
2009-03-02,6.900000095367432,17.049999237060547,2008-03-03,6.900000095367432,2009-03-02,false,true,251
2009-03-03,7.300000190734863,17.049999237060547,2008-03-03,6.900000095367432,2009-03-02,false,false,251
2009-03-04,7.71999979019165,16.829999923706055,2008-05-02,6.900000095367432,2009-03-02,false,false,251
2009-03-05,7.449999809265137,16.829999923706055,2008-05-02,6.900000095367432,2009-03-02,false,false,251
2009-03-06,7.440000057220459,16.829999923706055,2008-05-02,6.900000095367432,2009-03-02,false,false,251
2009-03-09,7.460000038146973,16.829999923706055,2008-05-02,6.900000095367432,2009-03-02,false,false,251
2009-03-10,8.510000228881836,16.829999923706055,2008-05-02,6.900000095367432,2009-03-02,false,false,251
2009-03-11,9.0600004196167,16.829999923706055,2008-05-02,6.900000095367432,2009-03-02,false,false,251
2009-03-12,9.220000267028809,16.829999923706055,2008-05-02,6.900000095367432,2009-03-02,false,false,251
2009-03-13,9.039999961853027,16.829999923706055,2008-05-02,6.900000095367432,2009-03-02,false,false,251
2009-03-16,9.369999885559082,16.829999923706055,2008-05-02,6.900000095367432,2009-03-02,false,false,251
2009-03-17,9.779999732971191,16.829999923706055,2008-05-02,6.900000095367432,2009-03-02,false,false,251
2009-03-18,9.850000381469727,16.829999923706055,2008-05-02,6.900000095367432,2009-03-02,false,false,251
2009-03-19,9.699999809265137,16.829999923706055,2008-05-02,6.900000095367432,2009-03-02,false,false,251
2009-03-20,9.510000228881836,16.829999923706055,2008-05-02,6.900000095367432,2009-03-02,false,false,251
2009-03-23,10.289999961853027,16.829999923706055,2008-05-02,6.900000095367432,2009-03-02,false,false,252
2009-03-24,10.100000381469727,16.829999923706055,2008-05-02,6.900000095367432,2009-03-02,false,false,252
2009-03-25,10.119999885559082,16.829999923706055,2008-05-02,6.900000095367432,2009-03-02,false,false,252
2009-03-26,10.260000228881836,16.829999923706055,2008-05-02,6.900000095367432,2009-03-02,false,false,252
2009-03-27,9.729999542236328,16.829999923706055,2008-05-02,6.900000095367432,2009-03-02,false,false,252
2009-03-30,9.010000228881836,16.829999923706055,2008-05-02,6.900000095367432,2009-03-02,false,false,252
2009-03-31,9.149999618530273,16.829999923706055,2008-05-02,6.900000095367432,2009-03-02,false,false,252
2009-04-01,9.890000343322754,16.829999923706055,2008-05-02,6.900000095367432,2009-03-02,false,false,252
2009-04-02,10.640000343322754,16.829999923706055,2008-05-02,6.900000095367432,2009-03-02,false,false,252
2009-04-03,10.569999694824219,16.829999923706055,2008-05-02,6.900000095367432,2009-03-02,false,false,252
2009-04-06,10.239999771118164,16.829999923706055,2008-05-02,6.900000095367432,2009-03-02,false,false,252
2009-04-07,10.109999656677246,16.829999923706055,2008-05-02,6.900000095367432,2009-03-02,false,false,252
2009-04-08,10.149999618530273,16.829999923706055,2008-05-02,6.900000095367432,2009-03-02,false,false,252
2009-04-09,10.5,16.829999923706055,2008-05-02,6.900000095367432,2009-03-02,false,false,252
2009-04-13,10.390000343322754,16.829999923706055,2008-05-02,6.900000095367432,2009-03-02,false,false,251
2009-04-14,10.25,16.829999923706055,2008-05-02,6.900000095367432,2009-03-02,false,false,251
2009-04-15,10.180000305175781,16.829999923706055,2008-05-02,6.900000095367432,2009-03-02,false,false,251
2009-04-16,9.989999771118164,16.829999923706055,2008-05-02,6.900000095367432,2009-03-02,false,false,251
2009-04-17,9.720000267028809,16.829999923706055,2008-05-02,6.900000095367432,2009-03-02,false,false,251
2009-04-20,9.34000015258789,16.829999923706055,2008-05-02,6.900000095367432,2009-03-02,false,false,251
2009-04-21,9.630000114440918,16.829999923706055,2008-05-02,6.900000095367432,2009-03-02,false,false,251
2009-04-22,9.680000305175781,16.829999923706055,2008-05-02,6.900000095367432,2009-03-02,false,false,251
2009-04-23,9.699999809265137,16.829999923706055,2008-05-02,6.900000095367432,2009-03-02,false,false,251
2009-04-24,9.880000114440918,16.829999923706055,2008-05-02,6.900000095367432,2009-03-02,false,false,251
2009-04-27,9.470000267028809,16.829999923706055,2008-05-02,6.900000095367432,2009-03-02,false,false,251
2009-04-28,9.720000267028809,16.829999923706055,2008-05-02,6.900000095367432,2009-03-02,false,false,251
2009-04-29,10.489999771118164,16.829999923706055,2008-05-02,6.900000095367432,2009-03-02,false,false,251
2009-04-30,10.680000305175781,16.829999923706055,2008-05-02,6.900000095367432,2009-03-02,false,false,251
2009-05-01,11,16.829999923706055,2008-05-02,6.900000095367432,2009-03-02,false,false,251
2009-05-04,12.050000190734863,16.829999923706055,2008-05-02,6.900000095367432,2009-03-02,false,false,251
2009-05-05,11.960000038146973,16.68000030517578,2008-05-06,6.900000095367432,2009-03-02,false,false,251
2009-05-06,11.470000267028809,16.68000030517578,2008-05-06,6.900000095367432,2009-03-02,false,false,251
2009-05-07,11.399999618530273,16.350000381469727,2008-05-16,6.900000095367432,2009-03-02,false,false,251
2009-05-08,11.899999618530273,16.350000381469727,2008-05-16,6.900000095367432,2009-03-02,false,false,251
2009-05-11,12.079999923706055,16.350000381469727,2008-05-16,6.900000095367432,2009-03-02,false,false,251
2009-05-12,12.34000015258789,16.350000381469727,2008-05-16,6.900000095367432,2009-03-02,false,false,251
2009-05-13,11.829999923706055,16.350000381469727,2008-05-16,6.900000095367432,2009-03-02,false,false,251
2009-05-14,11.479999542236328,16.350000381469727,2008-05-16,6.900000095367432,2009-03-02,false,false,251
2009-05-15,11.59000015258789,16.350000381469727,2008-05-16,6.900000095367432,2009-03-02,false,false,251
2009-05-18,12.15999984741211,16.350000381469727,2008-05-16,6.900000095367432,2009-03-02,false,false,251
2009-05-19,12.239999771118164,16.31999969482422,2008-08-05,6.900000095367432,2009-03-02,false,false,251
2009-05-20,12.369999885559082,16.31999969482422,2008-08-05,6.900000095367432,2009-03-02,false,false,251
2009-05-21,12.09000015258789,16.31999969482422,2008-08-05,6.900000095367432,2009-03-02,false,false,251
2009-05-22,12.1899995803833,16.31999969482422,2008-08-05,6.900000095367432,2009-03-02,false,false,251
2009-05-26,11.760000228881836,16.31999969482422,2008-08-05,6.900000095367432,2009-03-02,false,false,251
2009-05-27,11.119999885559082,16.31999969482422,2008-08-05,6.900000095367432,2009-03-02,false,false,251
2009-05-28,11.390000343322754,16.31999969482422,2008-08-05,6.900000095367432,2009-03-02,false,false,251
2009-05-29,11.479999542236328,16.31999969482422,2008-08-05,6.900000095367432,2009-03-02,false,false,251
2009-06-01,12.0600004196167,16.31999969482422,2008-08-05,6.900000095367432,2009-03-02,false,false,251
2009-06-02,11.720000267028809,16.31999969482422,2008-08-05,6.900000095367432,2009-03-02,false,false,251
2009-06-03,11.15999984741211,16.31999969482422,2008-08-05,6.900000095367432,2009-03-02,false,false,251
2009-06-04,11.289999961853027,16.31999969482422,2008-08-05,6.900000095367432,2009-03-02,false,false,251
2009-06-05,11.710000038146973,16.31999969482422,2008-08-05,6.900000095367432,2009-03-02,false,false,251
2009-06-08,11.65999984741211,16.31999969482422,2008-08-05,6.900000095367432,2009-03-02,false,false,251
2009-06-09,11.489999771118164,16.31999969482422,2008-08-05,6.900000095367432,2009-03-02,false,false,251
2009-06-10,12.100000381469727,16.31999969482422,2008-08-05,6.900000095367432,2009-03-02,false,false,251
2009-06-11,12.180000305175781,16.31999969482422,2008-08-05,6.900000095367432,2009-03-02,false,false,251
2009-06-12,12.1899995803833,16.31999969482422,2008-08-05,6.900000095367432,2009-03-02,false,false,251
2009-06-15,11.65999984741211,16.31999969482422,2008-08-05,6.900000095367432,2009-03-02,false,false,251
2009-06-16,11.579999923706055,16.31999969482422,2008-08-05,6.900000095367432,2009-03-02,false,false,251
2009-06-17,11.3100004196167,16.31999969482422,2008-08-05,6.900000095367432,2009-03-02,false,false,251
2009-06-18,11.329999923706055,16.31999969482422,2008-08-05,6.900000095367432,2009-03-02,false,false,251
2009-06-19,11.300000190734863,16.31999969482422,2008-08-05,6.900000095367432,2009-03-02,false,false,251
2009-06-22,11.199999809265137,16.31999969482422,2008-08-05,6.900000095367432,2009-03-02,false,false,251
2009-06-23,11.079999923706055,16.31999969482422,2008-08-05,6.900000095367432,2009-03-02,false,false,251
2009-06-24,11.319999694824219,16.31999969482422,2008-08-05,6.900000095367432,2009-03-02,false,false,251
2009-06-25,11.40999984741211,16.31999969482422,2008-08-05,6.900000095367432,2009-03-02,false,false,251
2009-06-26,11.569999694824219,16.31999969482422,2008-08-05,6.900000095367432,2009-03-02,false,false,251
2009-06-29,11.5600004196167,16.31999969482422,2008-08-05,6.900000095367432,2009-03-02,false,false,251
2009-06-30,11.5,16.31999969482422,2008-08-05,6.900000095367432,2009-03-02,false,false,251
2009-07-01,12.029999732971191,16.31999969482422,2008-08-05,6.900000095367432,2009-03-02,false,false,251
2009-07-02,11.59000015258789,16.31999969482422,2008-08-05,6.900000095367432,2009-03-02,false,false,251
2009-07-06,11.5600004196167,16.31999969482422,2008-08-05,6.900000095367432,2009-03-02,false,false,251
2009-07-07,11.100000381469727,16.31999969482422,2008-08-05,6.900000095367432,2009-03-02,false,false,251
2009-07-08,11.229999542236328,16.31999969482422,2008-08-05,6.900000095367432,2009-03-02,false,false,251
2009-07-09,11.270000457763672,16.31999969482422,2008-08-05,6.900000095367432,2009-03-02,false,false,251
2009-07-10,11.229999542236328,16.31999969482422,2008-08-05,6.900000095367432,2009-03-02,false,false,251
2009-07-13,10.989999771118164,16.31999969482422,2008-08-05,6.900000095367432,2009-03-02,false,false,251
2009-07-14,11.069999694824219,16.31999969482422,2008-08-05,6.900000095367432,2009-03-02,false,false,251
2009-07-15,11.699999809265137,16.31999969482422,2008-08-05,6.900000095367432,2009-03-02,false,false,251
2009-07-16,11.649999618530273,16.31999969482422,2008-08-05,6.900000095367432,2009-03-02,false,false,251
2009-07-17,11.75,16.31999969482422,2008-08-05,6.900000095367432,2009-03-02,false,false,251
2009-07-20,12.180000305175781,16.31999969482422,2008-08-05,6.900000095367432,2009-03-02,false,false,251
2009-07-21,12.430000305175781,16.31999969482422,2008-08-05,6.900000095367432,2009-03-02,false,false,251
2009-07-22,12.399999618530273,16.31999969482422,2008-08-05,6.900000095367432,2009-03-02,false,false,251
2009-07-23,13.149999618530273,16.31999969482422,2008-08-05,6.900000095367432,2009-03-02,false,false,251
2009-07-24,13.050000190734863,16.31999969482422,2008-08-05,6.900000095367432,2009-03-02,false,false,251
2009-07-27,13.15999984741211,16.31999969482422,2008-08-05,6.900000095367432,2009-03-02,false,false,251
2009-07-28,13.140000343322754,16.31999969482422,2008-08-05,6.900000095367432,2009-03-02,false,false,251
2009-07-29,13.109999656677246,16.31999969482422,2008-08-05,6.900000095367432,2009-03-02,false,false,251
2009-07-30,13.569999694824219,16.31999969482422,2008-08-05,6.900000095367432,2009-03-02,false,false,251
2009-07-31,13.369999885559082,16.31999969482422,2008-08-05,6.900000095367432,2009-03-02,false,false,251
2009-08-03,13.520000457763672,16.31999969482422,2008-08-05,6.900000095367432,2009-03-02,false,false,251
2009-08-04,13.369999885559082,16.31999969482422,2008-08-05,6.900000095367432,2009-03-02,false,false,251
2009-08-05,13.210000038146973,16.31999969482422,2008-08-05,6.900000095367432,2009-03-02,false,false,251
2009-08-06,13.300000190734863,16.190000534057617,2008-08-11,6.900000095367432,2009-03-02,false,false,251
2009-08-07,13.569999694824219,16.190000534057617,2008-08-11,6.900000095367432,2009-03-02,false,false,251
2009-08-10,13.300000190734863,16.190000534057617,2008-08-11,6.900000095367432,2009-03-02,false,false,251
2009-08-11,12.869999885559082,16.190000534057617,2008-08-11,6.900000095367432,2009-03-02,false,false,251
2009-08-12,12.869999885559082,15.399999618530273,2008-08-20,6.900000095367432,2009-03-02,false,false,251
2009-08-13,12.710000038146973,15.399999618530273,2008-08-20,6.900000095367432,2009-03-02,false,false,251
2009-08-14,12.699999809265137,15.399999618530273,2008-08-20,6.900000095367432,2009-03-02,false,false,251
2009-08-17,12.15999984741211,15.399999618530273,2008-08-20,6.900000095367432,2009-03-02,false,false,251
2009-08-18,12.550000190734863,15.399999618530273,2008-08-20,6.900000095367432,2009-03-02,false,false,251
2009-08-19,12.520000457763672,15.399999618530273,2008-08-20,6.900000095367432,2009-03-02,false,false,251
2009-08-20,12.970000267028809,15.399999618530273,2008-08-20,6.900000095367432,2009-03-02,false,false,251
2009-08-21,13.010000228881836,15.130000114440918,2008-08-28,6.900000095367432,2009-03-02,false,false,251
2009-08-24,12.949999809265137,15.130000114440918,2008-08-28,6.900000095367432,2009-03-02,false,false,251
2009-08-25,12.789999961853027,15.130000114440918,2008-08-28,6.900000095367432,2009-03-02,false,false,251
2009-08-26,12.600000381469727,15.130000114440918,2008-08-28,6.900000095367432,2009-03-02,false,false,251
2009-08-27,12.579999923706055,15.130000114440918,2008-08-28,6.900000095367432,2009-03-02,false,false,251
2009-08-28,12.579999923706055,15.130000114440918,2008-08-28,6.900000095367432,2009-03-02,false,false,251
2009-08-31,12.350000381469727,14.640000343322754,2008-09-08,6.900000095367432,2009-03-02,false,false,251
2009-09-01,12.460000038146973,14.640000343322754,2008-09-08,6.900000095367432,2009-03-02,false,false,252
2009-09-02,12.699999809265137,14.640000343322754,2008-09-08,6.900000095367432,2009-03-02,false,false,252
2009-09-03,13,14.640000343322754,2008-09-08,6.900000095367432,2009-03-02,false,false,252
2009-09-04,13.270000457763672,14.640000343322754,2008-09-08,6.900000095367432,2009-03-02,false,false,252
2009-09-08,13.029999732971191,14.640000343322754,2008-09-08,6.900000095367432,2009-03-02,false,false,251
2009-09-09,13.079999923706055,14.5600004196167,2008-09-19,6.900000095367432,2009-03-02,false,false,251
2009-09-10,13.15999984741211,14.5600004196167,2008-09-19,6.900000095367432,2009-03-02,false,false,251
2009-09-11,13.470000267028809,14.5600004196167,2008-09-19,6.900000095367432,2009-03-02,false,false,251
2009-09-14,13.699999809265137,14.5600004196167,2008-09-19,6.900000095367432,2009-03-02,false,false,251
2009-09-15,13.819999694824219,14.5600004196167,2008-09-19,6.900000095367432,2009-03-02,false,false,251
2009-09-16,14.270000457763672,14.5600004196167,2008-09-19,6.900000095367432,2009-03-02,false,false,251
2009-09-17,14.15999984741211,14.5600004196167,2008-09-19,6.900000095367432,2009-03-02,false,false,251
2009-09-18,14.210000038146973,14.5600004196167,2008-09-19,6.900000095367432,2009-03-02,false,false,251
2009-09-21,14.319999694824219,14.5600004196167,2008-09-19,6.900000095367432,2009-03-02,false,false,251
2009-09-22,14.539999961853027,14.539999961853027,2009-09-22,6.900000095367432,2009-03-02,true,false,251
2009-09-23,14.649999618530273,14.649999618530273,2009-09-23,6.900000095367432,2009-03-02,true,false,251
2009-09-24,14.649999618530273,14.649999618530273,2009-09-24,6.900000095367432,2009-03-02,true,false,251
2009-09-25,14.640000343322754,14.649999618530273,2009-09-24,6.900000095367432,2009-03-02,false,false,251
2009-09-28,14.8100004196167,14.8100004196167,2009-09-28,6.900000095367432,2009-03-02,true,false,251
2009-09-29,14.760000228881836,14.8100004196167,2009-09-28,6.900000095367432,2009-03-02,false,false,251
2009-09-30,15.239999771118164,15.239999771118164,2009-09-30,6.900000095367432,2009-03-02,true,false,251
2009-10-01,14.760000228881836,15.239999771118164,2009-09-30,6.900000095367432,2009-03-02,false,false,251
2009-10-02,14.710000038146973,15.239999771118164,2009-09-30,6.900000095367432,2009-03-02,false,false,251
2009-10-05,15,15.239999771118164,2009-09-30,6.900000095367432,2009-03-02,false,false,251
2009-10-06,14.979999542236328,15.239999771118164,2009-09-30,6.900000095367432,2009-03-02,false,false,251
2009-10-07,14.930000305175781,15.239999771118164,2009-09-30,6.900000095367432,2009-03-02,false,false,251
2009-10-08,15,15.239999771118164,2009-09-30,6.900000095367432,2009-03-02,false,false,251
2009-10-09,14.920000076293945,15.239999771118164,2009-09-30,6.900000095367432,2009-03-02,false,false,251
2009-10-12,15.020000457763672,15.239999771118164,2009-09-30,6.900000095367432,2009-03-02,false,false,251
2009-10-13,14.800000190734863,15.239999771118164,2009-09-30,6.900000095367432,2009-03-02,false,false,251
2009-10-14,15.109999656677246,15.239999771118164,2009-09-30,6.900000095367432,2009-03-02,false,false,251
2009-10-15,15.140000343322754,15.239999771118164,2009-09-30,6.900000095367432,2009-03-02,false,false,251
2009-10-16,14.899999618530273,15.239999771118164,2009-09-30,6.900000095367432,2009-03-02,false,false,251
2009-10-19,15.25,15.25,2009-10-19,6.900000095367432,2009-03-02,true,false,251
2009-10-20,15.039999961853027,15.25,2009-10-19,6.900000095367432,2009-03-02,false,false,251
2009-10-21,14.960000038146973,15.25,2009-10-19,6.900000095367432,2009-03-02,false,false,251
2009-10-22,15.050000190734863,15.25,2009-10-19,6.900000095367432,2009-03-02,false,false,251
2009-10-23,14.859999656677246,15.25,2009-10-19,6.900000095367432,2009-03-02,false,false,251
2009-10-26,14.649999618530273,15.25,2009-10-19,6.900000095367432,2009-03-02,false,false,251
2009-10-27,14.420000076293945,15.25,2009-10-19,6.900000095367432,2009-03-02,false,false,251
2009-10-28,14.140000343322754,15.25,2009-10-19,6.900000095367432,2009-03-02,false,false,251
2009-10-29,14.65999984741211,15.25,2009-10-19,6.900000095367432,2009-03-02,false,false,251
2009-10-30,13.880000114440918,15.25,2009-10-19,6.900000095367432,2009-03-02,false,false,251
2009-11-02,14.140000343322754,15.25,2009-10-19,6.900000095367432,2009-03-02,false,false,251
2009-11-03,13.9399995803833,15.25,2009-10-19,6.900000095367432,2009-03-02,false,false,251
2009-11-04,14.3100004196167,15.25,2009-10-19,6.900000095367432,2009-03-02,false,false,251
2009-11-05,14.479999542236328,15.25,2009-10-19,6.900000095367432,2009-03-02,false,false,251
2009-11-06,14.470000267028809,15.25,2009-10-19,6.900000095367432,2009-03-02,false,false,251
2009-11-09,14.819999694824219,15.25,2009-10-19,6.900000095367432,2009-03-02,false,false,251
2009-11-10,14.59000015258789,15.25,2009-10-19,6.900000095367432,2009-03-02,false,false,251
2009-11-11,14.65999984741211,15.25,2009-10-19,6.900000095367432,2009-03-02,false,false,251
2009-11-12,14.319999694824219,15.25,2009-10-19,6.900000095367432,2009-03-02,false,false,251
2009-11-13,14.529999732971191,15.25,2009-10-19,6.900000095367432,2009-03-02,false,false,251
2009-11-16,14.75,15.25,2009-10-19,6.900000095367432,2009-03-02,false,false,251
2009-11-17,14.649999618530273,15.25,2009-10-19,6.900000095367432,2009-03-02,false,false,251
2009-11-18,14.510000228881836,15.25,2009-10-19,6.900000095367432,2009-03-02,false,false,251
2009-11-19,14.119999885559082,15.25,2009-10-19,6.900000095367432,2009-03-02,false,false,251
2009-11-20,14.039999961853027,15.25,2009-10-19,6.900000095367432,2009-03-02,false,false,251
2009-11-23,14.479999542236328,15.25,2009-10-19,6.900000095367432,2009-03-02,false,false,251
2009-11-24,14.289999961853027,15.25,2009-10-19,6.900000095367432,2009-03-02,false,false,251
2009-11-25,14.279999732971191,15.25,2009-10-19,6.900000095367432,2009-03-02,false,false,251
2009-11-27,13.770000457763672,15.25,2009-10-19,6.900000095367432,2009-03-02,false,false,251
2009-11-30,13.720000267028809,15.25,2009-10-19,6.900000095367432,2009-03-02,false,false,251
2009-12-01,14.050000190734863,15.25,2009-10-19,6.900000095367432,2009-03-02,false,false,251
2009-12-02,14.069999694824219,15.25,2009-10-19,6.900000095367432,2009-03-02,false,false,251
2009-12-03,14.020000457763672,15.25,2009-10-19,6.900000095367432,2009-03-02,false,false,251
2009-12-04,14.079999923706055,15.25,2009-10-19,6.900000095367432,2009-03-02,false,false,251
2009-12-07,14.010000228881836,15.25,2009-10-19,6.900000095367432,2009-03-02,false,false,251
2009-12-08,13.829999923706055,15.25,2009-10-19,6.900000095367432,2009-03-02,false,false,251
2009-12-09,13.970000267028809,15.25,2009-10-19,6.900000095367432,2009-03-02,false,false,251
2009-12-10,14.0600004196167,15.25,2009-10-19,6.900000095367432,2009-03-02,false,false,251
2009-12-11,14.079999923706055,15.25,2009-10-19,6.900000095367432,2009-03-02,false,false,251
2009-12-14,14.109999656677246,15.25,2009-10-19,6.900000095367432,2009-03-02,false,false,251
2009-12-15,13.949999809265137,15.25,2009-10-19,6.900000095367432,2009-03-02,false,false,251
2009-12-16,14,15.25,2009-10-19,6.900000095367432,2009-03-02,false,false,251
2009-12-17,13.520000457763672,15.25,2009-10-19,6.900000095367432,2009-03-02,false,false,251
2009-12-18,13.720000267028809,15.25,2009-10-19,6.900000095367432,2009-03-02,false,false,251
2009-12-21,13.579999923706055,15.25,2009-10-19,6.900000095367432,2009-03-02,false,false,251
2009-12-22,13.649999618530273,15.25,2009-10-19,6.900000095367432,2009-03-02,false,false,251
2009-12-23,13.739999771118164,15.25,2009-10-19,6.900000095367432,2009-03-02,false,false,251
2009-12-24,13.970000267028809,15.25,2009-10-19,6.900000095367432,2009-03-02,false,false,251
2009-12-28,14.6899995803833,15.25,2009-10-19,6.900000095367432,2009-03-02,false,false,251
2009-12-29,14.5600004196167,15.25,2009-10-19,6.900000095367432,2009-03-02,false,false,251
2009-12-30,14.600000381469727,15.25,2009-10-19,6.900000095367432,2009-03-02,false,false,251
2009-12-31,14.539999961853027,15.25,2009-10-19,6.900000095367432,2009-03-02,false,false,251
2010-01-04,14.9399995803833,15.25,2009-10-19,6.900000095367432,2009-03-02,false,false,251
2010-01-05,15.0600004196167,15.25,2009-10-19,6.900000095367432,2009-03-02,false,false,251
2010-01-06,14.979999542236328,15.25,2009-10-19,6.900000095367432,2009-03-02,false,false,251
2010-01-07,14.859999656677246,15.25,2009-10-19,6.900000095367432,2009-03-02,false,false,251
2010-01-08,14.949999809265137,15.25,2009-10-19,6.900000095367432,2009-03-02,false,false,251
2010-01-11,15.600000381469727,15.600000381469727,2010-01-11,6.900000095367432,2009-03-02,true,false,251
2010-01-12,15.6899995803833,15.6899995803833,2010-01-12,6.900000095367432,2009-03-02,true,false,251
2010-01-13,16.020000457763672,16.020000457763672,2010-01-13,6.900000095367432,2009-03-02,true,false,251
2010-01-14,16.139999389648438,16.139999389648438,2010-01-14,6.900000095367432,2009-03-02,true,false,251
2010-01-15,15.869999885559082,16.139999389648438,2010-01-14,6.900000095367432,2009-03-02,false,false,251
2010-01-19,17.889999389648438,17.889999389648438,2010-01-19,6.900000095367432,2009-03-02,true,false,251
2010-01-20,17.8799991607666,17.889999389648438,2010-01-19,6.900000095367432,2009-03-02,false,false,251
2010-01-21,17.43000030517578,17.889999389648438,2010-01-19,6.900000095367432,2009-03-02,false,false,251
2010-01-22,17.459999084472656,17.889999389648438,2010-01-19,6.900000095367432,2009-03-02,false,false,251
2010-01-25,16.690000534057617,17.889999389648438,2010-01-19,6.900000095367432,2009-03-02,false,false,251
2010-01-26,16.469999313354492,17.889999389648438,2010-01-19,6.900000095367432,2009-03-02,false,false,251
2010-01-27,17.09000015258789,17.889999389648438,2010-01-19,6.900000095367432,2009-03-02,false,false,251
2010-01-28,16.670000076293945,17.889999389648438,2010-01-19,6.900000095367432,2009-03-02,false,false,251
2010-01-29,16.25,17.889999389648438,2010-01-19,6.900000095367432,2009-03-02,false,false,251
2010-02-01,16.65999984741211,17.889999389648438,2010-01-19,6.900000095367432,2009-03-02,false,false,251
2010-02-02,16.719999313354492,17.889999389648438,2010-01-19,6.900000095367432,2009-03-02,false,false,251
2010-02-03,16.399999618530273,17.889999389648438,2010-01-19,6.900000095367432,2009-03-02,false,false,251
2010-02-04,16.309999465942383,17.889999389648438,2010-01-19,6.900000095367432,2009-03-02,false,false,251
2010-02-05,16.280000686645508,17.889999389648438,2010-01-19,6.900000095367432,2009-03-02,false,false,251
2010-02-08,16.020000457763672,17.889999389648438,2010-01-19,6.900000095367432,2009-03-02,false,false,251
2010-02-09,16.139999389648438,17.889999389648438,2010-01-19,6.900000095367432,2009-03-02,false,false,251
2010-02-10,16.09000015258789,17.889999389648438,2010-01-19,6.900000095367432,2009-03-02,false,false,251
2010-02-11,16.989999771118164,17.889999389648438,2010-01-19,6.900000095367432,2009-03-02,false,false,251
2010-02-12,17.40999984741211,17.889999389648438,2010-01-19,6.900000095367432,2009-03-02,false,false,251
2010-02-16,17.450000762939453,17.889999389648438,2010-01-19,6.900000095367432,2009-03-02,false,false,251
2010-02-17,17.43000030517578,17.889999389648438,2010-01-19,6.900000095367432,2009-03-02,false,false,251
2010-02-18,17.110000610351562,17.889999389648438,2010-01-19,6.900000095367432,2009-03-02,false,false,251
2010-02-19,16.639999389648438,17.889999389648438,2010-01-19,6.900000095367432,2009-03-02,false,false,251
2010-02-22,16.780000686645508,17.889999389648438,2010-01-19,6.900000095367432,2009-03-02,false,false,251
2010-02-23,16.34000015258789,17.889999389648438,2010-01-19,6.900000095367432,2009-03-02,false,false,251
2010-02-24,16.40999984741211,17.889999389648438,2010-01-19,6.900000095367432,2009-03-02,false,false,251
2010-02-25,15.960000038146973,17.889999389648438,2010-01-19,6.900000095367432,2009-03-02,false,false,251
2010-02-26,16.1299991607666,17.889999389648438,2010-01-19,6.900000095367432,2009-03-02,false,false,251
2010-03-01,16.100000381469727,17.889999389648438,2010-01-19,6.900000095367432,2009-03-02,false,false,251
2010-03-02,15.9399995803833,17.889999389648438,2010-01-19,6.900000095367432,2009-03-02,false,false,251
2010-03-03,16.18000030517578,17.889999389648438,2010-01-19,7.440000057220459,2009-03-06,false,false,251
2010-03-04,15.899999618530273,17.889999389648438,2010-01-19,7.440000057220459,2009-03-06,false,false,251
2010-03-05,16.43000030517578,17.889999389648438,2010-01-19,7.440000057220459,2009-03-06,false,false,251
2010-03-08,16.579999923706055,17.889999389648438,2010-01-19,7.440000057220459,2009-03-06,false,false,251
2010-03-09,17,17.889999389648438,2010-01-19,8.510000228881836,2009-03-10,false,false,251
2010-03-10,16.969999313354492,17.889999389648438,2010-01-19,8.510000228881836,2009-03-10,false,false,251
2010-03-11,16.979999542236328,17.889999389648438,2010-01-19,9.010000228881836,2009-03-30,false,false,251
2010-03-12,16.950000762939453,17.889999389648438,2010-01-19,9.010000228881836,2009-03-30,false,false,251
2010-03-15,16.700000762939453,17.889999389648438,2010-01-19,9.010000228881836,2009-03-30,false,false,251
2010-03-16,16.690000534057617,17.889999389648438,2010-01-19,9.010000228881836,2009-03-30,false,false,251
2010-03-17,17.139999389648438,17.889999389648438,2010-01-19,9.010000228881836,2009-03-30,false,false,251
2010-03-18,17.15999984741211,17.889999389648438,2010-01-19,9.010000228881836,2009-03-30,false,false,251
2010-03-19,16.68000030517578,17.889999389648438,2010-01-19,9.010000228881836,2009-03-30,false,false,251
2010-03-22,16.559999465942383,17.889999389648438,2010-01-19,9.010000228881836,2009-03-30,false,false,251
2010-03-23,16.510000228881836,17.889999389648438,2010-01-19,9.010000228881836,2009-03-30,false,false,251
2010-03-24,16.010000228881836,17.889999389648438,2010-01-19,9.010000228881836,2009-03-30,false,false,251
2010-03-25,16.209999084472656,17.889999389648438,2010-01-19,9.010000228881836,2009-03-30,false,false,251
2010-03-26,16.020000457763672,17.889999389648438,2010-01-19,9.010000228881836,2009-03-30,false,false,251
2010-03-29,16.440000534057617,17.889999389648438,2010-01-19,9.010000228881836,2009-03-30,false,false,251
2010-03-30,16.610000610351562,17.889999389648438,2010-01-19,9.010000228881836,2009-03-30,false,false,251
2010-03-31,16.239999771118164,17.889999389648438,2010-01-19,9.34000015258789,2009-04-20,false,false,251
2010-04-01,16.489999771118164,17.889999389648438,2010-01-19,9.34000015258789,2009-04-20,false,false,251
2010-04-05,16.149999618530273,17.889999389648438,2010-01-19,9.34000015258789,2009-04-20,false,false,250
2010-04-06,16.5,17.889999389648438,2010-01-19,9.34000015258789,2009-04-20,false,false,250
2010-04-07,16.049999237060547,17.889999389648438,2010-01-19,9.34000015258789,2009-04-20,false,false,250
2010-04-08,16.1299991607666,17.889999389648438,2010-01-19,9.34000015258789,2009-04-20,false,false,250
2010-04-09,16.25,17.889999389648438,2010-01-19,9.34000015258789,2009-04-20,false,false,250
2010-04-12,16.270000457763672,17.889999389648438,2010-01-19,9.34000015258789,2009-04-20,false,false,251
2010-04-13,16.1200008392334,17.889999389648438,2010-01-19,9.34000015258789,2009-04-20,false,false,251
2010-04-14,16.329999923706055,17.889999389648438,2010-01-19,9.34000015258789,2009-04-20,false,false,251
2010-04-15,16.549999237060547,17.889999389648438,2010-01-19,9.34000015258789,2009-04-20,false,false,251
2010-04-16,16.010000228881836,17.889999389648438,2010-01-19,9.34000015258789,2009-04-20,false,false,251
2010-04-19,15.710000038146973,17.889999389648438,2010-01-19,9.34000015258789,2009-04-20,false,false,251
2010-04-20,15.869999885559082,17.889999389648438,2010-01-19,9.34000015258789,2009-04-20,false,false,251
2010-04-21,15.899999618530273,17.889999389648438,2010-01-19,9.470000267028809,2009-04-27,false,false,251
2010-04-22,15.520000457763672,17.889999389648438,2010-01-19,9.470000267028809,2009-04-27,false,false,251
2010-04-23,15.699999809265137,17.889999389648438,2010-01-19,9.470000267028809,2009-04-27,false,false,251
2010-04-26,15.619999885559082,17.889999389648438,2010-01-19,9.470000267028809,2009-04-27,false,false,251
2010-04-27,15.09000015258789,17.889999389648438,2010-01-19,9.470000267028809,2009-04-27,false,false,251
2010-04-28,14.930000305175781,17.889999389648438,2010-01-19,10.489999771118164,2009-04-29,false,false,251
2010-04-29,15.0600004196167,17.889999389648438,2010-01-19,10.489999771118164,2009-04-29,false,false,251
2010-04-30,15.039999961853027,17.889999389648438,2010-01-19,10.989999771118164,2009-07-13,false,false,251
2010-05-03,15.109999656677246,17.889999389648438,2010-01-19,10.989999771118164,2009-07-13,false,false,251
2010-05-04,14.329999923706055,17.889999389648438,2010-01-19,10.989999771118164,2009-07-13,false,false,251
2010-05-05,14.050000190734863,17.889999389648438,2010-01-19,10.989999771118164,2009-07-13,false,false,251
2010-05-06,12.989999771118164,17.889999389648438,2010-01-19,10.989999771118164,2009-07-13,false,false,251
2010-05-07,13.229999542236328,17.889999389648438,2010-01-19,10.989999771118164,2009-07-13,false,false,251
2010-05-10,14.510000228881836,17.889999389648438,2010-01-19,10.989999771118164,2009-07-13,false,false,251
2010-05-11,14.1899995803833,17.889999389648438,2010-01-19,10.989999771118164,2009-07-13,false,false,251
2010-05-12,13.880000114440918,17.889999389648438,2010-01-19,10.989999771118164,2009-07-13,false,false,251
2010-05-13,14.199999809265137,17.889999389648438,2010-01-19,10.989999771118164,2009-07-13,false,false,251
2010-05-14,13.880000114440918,17.889999389648438,2010-01-19,10.989999771118164,2009-07-13,false,false,251
2010-05-17,13.680000305175781,17.889999389648438,2010-01-19,10.989999771118164,2009-07-13,false,false,251
2010-05-18,13.479999542236328,17.889999389648438,2010-01-19,10.989999771118164,2009-07-13,false,false,251
2010-05-19,13.699999809265137,17.889999389648438,2010-01-19,10.989999771118164,2009-07-13,false,false,251
2010-05-20,13.010000228881836,17.889999389648438,2010-01-19,10.989999771118164,2009-07-13,false,false,251
2010-05-21,13.550000190734863,17.889999389648438,2010-01-19,10.989999771118164,2009-07-13,false,false,251
2010-05-24,13.430000305175781,17.889999389648438,2010-01-19,10.989999771118164,2009-07-13,false,false,251
2010-05-25,12.75,17.889999389648438,2010-01-19,10.989999771118164,2009-07-13,false,false,252
2010-05-26,12.699999809265137,17.889999389648438,2010-01-19,10.989999771118164,2009-07-13,false,false,252
2010-05-27,13.399999618530273,17.889999389648438,2010-01-19,10.989999771118164,2009-07-13,false,false,252
2010-05-28,13.479999542236328,17.889999389648438,2010-01-19,10.989999771118164,2009-07-13,false,false,252
2010-06-01,13.289999961853027,17.889999389648438,2010-01-19,10.989999771118164,2009-07-13,false,false,251
2010-06-02,14.010000228881836,17.889999389648438,2010-01-19,10.989999771118164,2009-07-13,false,false,251
2010-06-03,14.109999656677246,17.889999389648438,2010-01-19,10.989999771118164,2009-07-13,false,false,251
2010-06-04,13.619999885559082,17.889999389648438,2010-01-19,10.989999771118164,2009-07-13,false,false,251
2010-06-07,13.260000228881836,17.889999389648438,2010-01-19,10.989999771118164,2009-07-13,false,false,251
2010-06-08,13.630000114440918,17.889999389648438,2010-01-19,10.989999771118164,2009-07-13,false,false,251
2010-06-09,13.510000228881836,17.889999389648438,2010-01-19,10.989999771118164,2009-07-13,false,false,251
2010-06-10,13.899999618530273,17.889999389648438,2010-01-19,10.989999771118164,2009-07-13,false,false,251
2010-06-11,13.949999809265137,17.889999389648438,2010-01-19,10.989999771118164,2009-07-13,false,false,251
2010-06-14,14.069999694824219,17.889999389648438,2010-01-19,10.989999771118164,2009-07-13,false,false,251
2010-06-15,14.069999694824219,17.889999389648438,2010-01-19,10.989999771118164,2009-07-13,false,false,251
2010-06-16,13.930000305175781,17.889999389648438,2010-01-19,10.989999771118164,2009-07-13,false,false,251
2010-06-17,13.640000343322754,17.889999389648438,2010-01-19,10.989999771118164,2009-07-13,false,false,251
2010-06-18,13.979999542236328,17.889999389648438,2010-01-19,10.989999771118164,2009-07-13,false,false,251
2010-06-21,14.229999542236328,17.889999389648438,2010-01-19,10.989999771118164,2009-07-13,false,false,251
2010-06-22,13.960000038146973,17.889999389648438,2010-01-19,10.989999771118164,2009-07-13,false,false,251
2010-06-23,14.210000038146973,17.889999389648438,2010-01-19,10.989999771118164,2009-07-13,false,false,251
2010-06-24,14.020000457763672,17.889999389648438,2010-01-19,10.989999771118164,2009-07-13,false,false,251
2010-06-25,13.829999923706055,17.889999389648438,2010-01-19,10.989999771118164,2009-07-13,false,false,251
2010-06-28,13.529999732971191,17.889999389648438,2010-01-19,10.989999771118164,2009-07-13,false,false,251
2010-06-29,12.960000038146973,17.889999389648438,2010-01-19,10.989999771118164,2009-07-13,false,false,251
2010-06-30,12.880000114440918,17.889999389648438,2010-01-19,10.989999771118164,2009-07-13,false,false,251
2010-07-01,12.869999885559082,17.889999389648438,2010-01-19,10.989999771118164,2009-07-13,false,false,251
2010-07-02,12.859999656677246,17.889999389648438,2010-01-19,10.989999771118164,2009-07-13,false,false,251
2010-07-06,12.949999809265137,17.889999389648438,2010-01-19,10.989999771118164,2009-07-13,false,false,251
2010-07-07,12.789999961853027,17.889999389648438,2010-01-19,10.989999771118164,2009-07-13,false,false,251
2010-07-08,12.970000267028809,17.889999389648438,2010-01-19,10.989999771118164,2009-07-13,false,false,251
2010-07-09,13.40999984741211,17.889999389648438,2010-01-19,10.989999771118164,2009-07-13,false,false,251
2010-07-12,13.329999923706055,17.889999389648438,2010-01-19,10.989999771118164,2009-07-13,false,false,251
2010-07-13,13.399999618530273,17.889999389648438,2010-01-19,10.989999771118164,2009-07-13,false,false,251
2010-07-14,13.510000228881836,17.889999389648438,2010-01-19,11.649999618530273,2009-07-16,false,false,251
2010-07-15,13.3100004196167,17.889999389648438,2010-01-19,11.649999618530273,2009-07-16,false,false,251
2010-07-16,12.699999809265137,17.889999389648438,2010-01-19,11.649999618530273,2009-07-16,false,false,251
2010-07-19,12.84000015258789,17.889999389648438,2010-01-19,12.15999984741211,2009-08-17,false,false,251
2010-07-20,13.479999542236328,17.889999389648438,2010-01-19,12.15999984741211,2009-08-17,false,false,251
2010-07-21,13.1899995803833,17.889999389648438,2010-01-19,12.15999984741211,2009-08-17,false,false,251
2010-07-22,13.520000457763672,17.889999389648438,2010-01-19,12.15999984741211,2009-08-17,false,false,251
2010-07-23,14,17.889999389648438,2010-01-19,12.15999984741211,2009-08-17,false,false,251
2010-07-26,14.1899995803833,17.889999389648438,2010-01-19,12.15999984741211,2009-08-17,false,false,251
2010-07-27,14.09000015258789,17.889999389648438,2010-01-19,12.15999984741211,2009-08-17,false,false,251
2010-07-28,14,17.889999389648438,2010-01-19,12.15999984741211,2009-08-17,false,false,251
2010-07-29,14.020000457763672,17.889999389648438,2010-01-19,12.15999984741211,2009-08-17,false,false,251
2010-07-30,14.09000015258789,17.889999389648438,2010-01-19,12.15999984741211,2009-08-17,false,false,251
2010-08-02,14.010000228881836,17.889999389648438,2010-01-19,12.15999984741211,2009-08-17,false,false,251
2010-08-03,13.670000076293945,17.889999389648438,2010-01-19,12.15999984741211,2009-08-17,false,false,251
2010-08-04,13.609999656677246,17.889999389648438,2010-01-19,12.15999984741211,2009-08-17,false,false,251
2010-08-05,13.579999923706055,17.889999389648438,2010-01-19,12.15999984741211,2009-08-17,false,false,251
2010-08-06,13.75,17.889999389648438,2010-01-19,12.15999984741211,2009-08-17,false,false,251
2010-08-09,13.6899995803833,17.889999389648438,2010-01-19,12.15999984741211,2009-08-17,false,false,251
2010-08-10,13.479999542236328,17.889999389648438,2010-01-19,12.15999984741211,2009-08-17,false,false,251
2010-08-11,12.899999618530273,17.889999389648438,2010-01-19,12.15999984741211,2009-08-17,false,false,251
2010-08-12,12.949999809265137,17.889999389648438,2010-01-19,12.15999984741211,2009-08-17,false,false,251
2010-08-13,13.050000190734863,17.889999389648438,2010-01-19,12.15999984741211,2009-08-17,false,false,251
2010-08-16,13.09000015258789,17.889999389648438,2010-01-19,12.15999984741211,2009-08-17,false,false,251
2010-08-17,13.15999984741211,17.889999389648438,2010-01-19,12.15999984741211,2009-08-17,false,false,251
2010-08-18,13.199999809265137,17.889999389648438,2010-01-19,12.350000381469727,2009-08-31,false,false,251
2010-08-19,13.149999618530273,17.889999389648438,2010-01-19,12.350000381469727,2009-08-31,false,false,251
2010-08-20,13.039999961853027,17.889999389648438,2010-01-19,12.350000381469727,2009-08-31,false,false,251
2010-08-23,12.979999542236328,17.889999389648438,2010-01-19,12.350000381469727,2009-08-31,false,false,251
2010-08-24,12.739999771118164,17.889999389648438,2010-01-19,12.350000381469727,2009-08-31,false,false,251
2010-08-25,12.789999961853027,17.889999389648438,2010-01-19,12.350000381469727,2009-08-31,false,false,251
2010-08-26,12.75,17.889999389648438,2010-01-19,12.350000381469727,2009-08-31,false,false,251
2010-08-27,12.649999618530273,17.889999389648438,2010-01-19,12.350000381469727,2009-08-31,false,false,251
2010-08-30,12.520000457763672,17.889999389648438,2010-01-19,12.350000381469727,2009-08-31,false,false,251
2010-08-31,12.3100004196167,17.889999389648438,2010-01-19,12.3100004196167,2010-08-31,false,true,251
2010-09-01,12.539999961853027,17.889999389648438,2010-01-19,12.3100004196167,2010-08-31,false,false,251
2010-09-02,12.460000038146973,17.889999389648438,2010-01-19,12.3100004196167,2010-08-31,false,false,251
2010-09-03,12.670000076293945,17.889999389648438,2010-01-19,12.3100004196167,2010-08-31,false,false,251
2010-09-07,12.279999732971191,17.889999389648438,2010-01-19,12.279999732971191,2010-09-07,false,true,251
2010-09-08,12.489999771118164,17.889999389648438,2010-01-19,12.279999732971191,2010-09-07,false,false,251
2010-09-09,12.609999656677246,17.889999389648438,2010-01-19,12.279999732971191,2010-09-07,false,false,251
2010-09-10,13.0600004196167,17.889999389648438,2010-01-19,12.279999732971191,2010-09-07,false,false,251
2010-09-13,12.949999809265137,17.889999389648438,2010-01-19,12.279999732971191,2010-09-07,false,false,251
2010-09-14,13.09000015258789,17.889999389648438,2010-01-19,12.279999732971191,2010-09-07,false,false,251
2010-09-15,13.100000381469727,17.889999389648438,2010-01-19,12.279999732971191,2010-09-07,false,false,251
2010-09-16,12.899999618530273,17.889999389648438,2010-01-19,12.279999732971191,2010-09-07,false,false,251
2010-09-17,12.800000190734863,17.889999389648438,2010-01-19,12.279999732971191,2010-09-07,false,false,251
2010-09-20,12.989999771118164,17.889999389648438,2010-01-19,12.279999732971191,2010-09-07,false,false,251
2010-09-21,12.899999618530273,17.889999389648438,2010-01-19,12.279999732971191,2010-09-07,false,false,251
2010-09-22,12.930000305175781,17.889999389648438,2010-01-19,12.279999732971191,2010-09-07,false,false,251
2010-09-23,12.8100004196167,17.889999389648438,2010-01-19,12.279999732971191,2010-09-07,false,false,251
2010-09-24,13.100000381469727,17.889999389648438,2010-01-19,12.279999732971191,2010-09-07,false,false,251
2010-09-27,12.989999771118164,17.889999389648438,2010-01-19,12.279999732971191,2010-09-07,false,false,251
2010-09-28,13.029999732971191,17.889999389648438,2010-01-19,12.279999732971191,2010-09-07,false,false,251
2010-09-29,13.050000190734863,17.889999389648438,2010-01-19,12.279999732971191,2010-09-07,false,false,251
2010-09-30,12.930000305175781,17.889999389648438,2010-01-19,12.279999732971191,2010-09-07,false,false,251
2010-10-01,13.399999618530273,17.889999389648438,2010-01-19,12.279999732971191,2010-09-07,false,false,251
2010-10-04,14.039999961853027,17.889999389648438,2010-01-19,12.279999732971191,2010-09-07,false,false,251
2010-10-05,14.539999961853027,17.889999389648438,2010-01-19,12.279999732971191,2010-09-07,false,false,251
2010-10-06,14.489999771118164,17.889999389648438,2010-01-19,12.279999732971191,2010-09-07,false,false,251
2010-10-07,14.399999618530273,17.889999389648438,2010-01-19,12.279999732971191,2010-09-07,false,false,251
2010-10-08,14.220000267028809,17.889999389648438,2010-01-19,12.279999732971191,2010-09-07,false,false,251
2010-10-11,14.220000267028809,17.889999389648438,2010-01-19,12.279999732971191,2010-09-07,false,false,251
2010-10-12,13.880000114440918,17.889999389648438,2010-01-19,12.279999732971191,2010-09-07,false,false,251
2010-10-13,14.020000457763672,17.889999389648438,2010-01-19,12.279999732971191,2010-09-07,false,false,251
2010-10-14,13.949999809265137,17.889999389648438,2010-01-19,12.279999732971191,2010-09-07,false,false,251
2010-10-15,14.039999961853027,17.889999389648438,2010-01-19,12.279999732971191,2010-09-07,false,false,251
2010-10-18,13.800000190734863,17.889999389648438,2010-01-19,12.279999732971191,2010-09-07,false,false,251
2010-10-19,13.449999809265137,17.889999389648438,2010-01-19,12.279999732971191,2010-09-07,false,false,251
2010-10-20,13.510000228881836,17.889999389648438,2010-01-19,12.279999732971191,2010-09-07,false,false,251
2010-10-21,13.470000267028809,17.889999389648438,2010-01-19,12.279999732971191,2010-09-07,false,false,251
2010-10-22,13.40999984741211,17.889999389648438,2010-01-19,12.279999732971191,2010-09-07,false,false,251
2010-10-25,13.59000015258789,17.889999389648438,2010-01-19,12.279999732971191,2010-09-07,false,false,251
2010-10-26,13.489999771118164,17.889999389648438,2010-01-19,12.279999732971191,2010-09-07,false,false,251
2010-10-27,13.380000114440918,17.889999389648438,2010-01-19,12.279999732971191,2010-09-07,false,false,251
2010-10-28,13.359999656677246,17.889999389648438,2010-01-19,12.279999732971191,2010-09-07,false,false,251
2010-10-29,13.210000038146973,17.889999389648438,2010-01-19,12.279999732971191,2010-09-07,false,false,251
2010-11-01,13.3100004196167,17.889999389648438,2010-01-19,12.279999732971191,2010-09-07,false,false,251
2010-11-02,13.300000190734863,17.889999389648438,2010-01-19,12.279999732971191,2010-09-07,false,false,251
2010-11-03,13.369999885559082,17.889999389648438,2010-01-19,12.279999732971191,2010-09-07,false,false,251
2010-11-04,13.470000267028809,17.889999389648438,2010-01-19,12.279999732971191,2010-09-07,false,false,251
2010-11-05,13.449999809265137,17.889999389648438,2010-01-19,12.279999732971191,2010-09-07,false,false,251
2010-11-08,13.359999656677246,17.889999389648438,2010-01-19,12.279999732971191,2010-09-07,false,false,251
2010-11-09,13.3100004196167,17.889999389648438,2010-01-19,12.279999732971191,2010-09-07,false,false,251
2010-11-10,13.329999923706055,17.889999389648438,2010-01-19,12.279999732971191,2010-09-07,false,false,251
2010-11-11,13.149999618530273,17.889999389648438,2010-01-19,12.279999732971191,2010-09-07,false,false,251
2010-11-12,13,17.889999389648438,2010-01-19,12.279999732971191,2010-09-07,false,false,251
2010-11-15,12.960000038146973,17.889999389648438,2010-01-19,12.279999732971191,2010-09-07,false,false,251
2010-11-16,12.670000076293945,17.889999389648438,2010-01-19,12.279999732971191,2010-09-07,false,false,251
2010-11-17,12.680000305175781,17.889999389648438,2010-01-19,12.279999732971191,2010-09-07,false,false,251
2010-11-18,12.819999694824219,17.889999389648438,2010-01-19,12.279999732971191,2010-09-07,false,false,251
2010-11-19,12.789999961853027,17.889999389648438,2010-01-19,12.279999732971191,2010-09-07,false,false,251
2010-11-22,12.829999923706055,17.889999389648438,2010-01-19,12.279999732971191,2010-09-07,false,false,251
2010-11-23,12.300000190734863,17.889999389648438,2010-01-19,12.279999732971191,2010-09-07,false,false,251
2010-11-24,12.5600004196167,17.889999389648438,2010-01-19,12.279999732971191,2010-09-07,false,false,251
2010-11-26,12.100000381469727,17.889999389648438,2010-01-19,12.100000381469727,2010-11-26,false,true,251
2010-11-29,11.970000267028809,17.889999389648438,2010-01-19,11.970000267028809,2010-11-29,false,true,251
2010-11-30,11.90999984741211,17.889999389648438,2010-01-19,11.90999984741211,2010-11-30,false,true,251
2010-12-01,12.380000114440918,17.889999389648438,2010-01-19,11.90999984741211,2010-11-30,false,false,251
2010-12-02,12.489999771118164,17.889999389648438,2010-01-19,11.90999984741211,2010-11-30,false,false,251
2010-12-03,12.600000381469727,17.889999389648438,2010-01-19,11.90999984741211,2010-11-30,false,false,251
2010-12-06,12.5,17.889999389648438,2010-01-19,11.90999984741211,2010-11-30,false,false,251
2010-12-07,12.600000381469727,17.889999389648438,2010-01-19,11.90999984741211,2010-11-30,false,false,251
2010-12-08,12.569999694824219,17.889999389648438,2010-01-19,11.90999984741211,2010-11-30,false,false,251
2010-12-09,12.600000381469727,17.889999389648438,2010-01-19,11.90999984741211,2010-11-30,false,false,251
2010-12-10,12.489999771118164,17.889999389648438,2010-01-19,11.90999984741211,2010-11-30,false,false,251
2010-12-13,12.960000038146973,17.889999389648438,2010-01-19,11.90999984741211,2010-11-30,false,false,251
2010-12-14,13,17.889999389648438,2010-01-19,11.90999984741211,2010-11-30,false,false,251
2010-12-15,12.75,17.889999389648438,2010-01-19,11.90999984741211,2010-11-30,false,false,251
2010-12-16,12.760000228881836,17.889999389648438,2010-01-19,11.90999984741211,2010-11-30,false,false,251
2010-12-17,12.789999961853027,17.889999389648438,2010-01-19,11.90999984741211,2010-11-30,false,false,251
2010-12-20,12.819999694824219,17.889999389648438,2010-01-19,11.90999984741211,2010-11-30,false,false,251
2010-12-21,13.170000076293945,17.889999389648438,2010-01-19,11.90999984741211,2010-11-30,false,false,251
2010-12-22,13.350000381469727,17.889999389648438,2010-01-19,11.90999984741211,2010-11-30,false,false,251
2010-12-23,13.420000076293945,17.889999389648438,2010-01-19,11.90999984741211,2010-11-30,false,false,251
2010-12-27,13.300000190734863,17.889999389648438,2010-01-19,11.90999984741211,2010-11-30,false,false,251
2010-12-28,13.289999961853027,17.889999389648438,2010-01-19,11.90999984741211,2010-11-30,false,false,251
2010-12-29,13.270000457763672,17.889999389648438,2010-01-19,11.90999984741211,2010-11-30,false,false,251
2010-12-30,13.40999984741211,17.889999389648438,2010-01-19,11.90999984741211,2010-11-30,false,false,251
2010-12-31,13.510000228881836,17.889999389648438,2010-01-19,11.90999984741211,2010-11-30,false,false,251
2011-01-03,13.479999542236328,17.889999389648438,2010-01-19,11.90999984741211,2010-11-30,false,false,252
2011-01-04,13.289999961853027,17.889999389648438,2010-01-19,11.90999984741211,2010-11-30,false,false,252
2011-01-05,13.170000076293945,17.889999389648438,2010-01-19,11.90999984741211,2010-11-30,false,false,252
2011-01-06,13.09000015258789,17.889999389648438,2010-01-19,11.90999984741211,2010-11-30,false,false,252
2011-01-07,13.050000190734863,17.889999389648438,2010-01-19,11.90999984741211,2010-11-30,false,false,252
2011-01-10,12.949999809265137,17.889999389648438,2010-01-19,11.90999984741211,2010-11-30,false,false,252
2011-01-11,12.890000343322754,17.889999389648438,2010-01-19,11.90999984741211,2010-11-30,false,false,252
2011-01-12,12.920000076293945,17.889999389648438,2010-01-19,11.90999984741211,2010-11-30,false,false,252
2011-01-13,12.779999732971191,17.889999389648438,2010-01-19,11.90999984741211,2010-11-30,false,false,252
2011-01-14,12.819999694824219,17.889999389648438,2010-01-19,11.90999984741211,2010-11-30,false,false,252
2011-01-18,12.829999923706055,17.889999389648438,2010-01-19,11.90999984741211,2010-11-30,false,false,252
2011-01-19,12.869999885559082,17.889999389648438,2010-01-19,11.90999984741211,2010-11-30,false,false,252
2011-01-20,12.760000228881836,17.459999084472656,2010-01-22,11.90999984741211,2010-11-30,false,false,252
2011-01-21,12.6899995803833,17.459999084472656,2010-01-22,11.90999984741211,2010-11-30,false,false,252
2011-01-24,12.819999694824219,17.459999084472656,2010-01-22,11.90999984741211,2010-11-30,false,false,252
2011-01-25,12.770000457763672,17.450000762939453,2010-02-16,11.90999984741211,2010-11-30,false,false,252
2011-01-26,12.84000015258789,17.450000762939453,2010-02-16,11.90999984741211,2010-11-30,false,false,252
2011-01-27,12.90999984741211,17.450000762939453,2010-02-16,11.90999984741211,2010-11-30,false,false,252
2011-01-28,12.430000305175781,17.450000762939453,2010-02-16,11.90999984741211,2010-11-30,false,false,252
2011-01-31,12.729999542236328,17.450000762939453,2010-02-16,11.90999984741211,2010-11-30,false,false,252
2011-02-01,13,17.450000762939453,2010-02-16,11.90999984741211,2010-11-30,false,false,252
2011-02-02,13.020000457763672,17.450000762939453,2010-02-16,11.90999984741211,2010-11-30,false,false,252
2011-02-03,12.970000267028809,17.450000762939453,2010-02-16,11.90999984741211,2010-11-30,false,false,252
2011-02-04,12.989999771118164,17.450000762939453,2010-02-16,11.90999984741211,2010-11-30,false,false,252
2011-02-07,12.90999984741211,17.450000762939453,2010-02-16,11.90999984741211,2010-11-30,false,false,252
2011-02-08,12.819999694824219,17.450000762939453,2010-02-16,11.90999984741211,2010-11-30,false,false,252
2011-02-09,12.710000038146973,17.450000762939453,2010-02-16,11.90999984741211,2010-11-30,false,false,252
2011-02-10,12.399999618530273,17.450000762939453,2010-02-16,11.90999984741211,2010-11-30,false,false,252
2011-02-11,12.3100004196167,17.450000762939453,2010-02-16,11.90999984741211,2010-11-30,false,false,252
2011-02-14,12.34000015258789,17.450000762939453,2010-02-16,11.90999984741211,2010-11-30,false,false,252
2011-02-15,12.569999694824219,17.450000762939453,2010-02-16,11.90999984741211,2010-11-30,false,false,253
2011-02-16,12.890000343322754,17.450000762939453,2010-02-16,11.90999984741211,2010-11-30,false,false,253
2011-02-17,12.920000076293945,17.15999984741211,2010-03-18,11.90999984741211,2010-11-30,false,false,253
2011-02-18,13.100000381469727,17.15999984741211,2010-03-18,11.90999984741211,2010-11-30,false,false,253
2011-02-22,12.489999771118164,17.15999984741211,2010-03-18,11.90999984741211,2010-11-30,false,false,252
2011-02-23,12.600000381469727,17.15999984741211,2010-03-18,11.90999984741211,2010-11-30,false,false,252
2011-02-24,12.449999809265137,17.15999984741211,2010-03-18,11.90999984741211,2010-11-30,false,false,252
2011-02-25,12.4399995803833,17.15999984741211,2010-03-18,11.90999984741211,2010-11-30,false,false,252
2011-02-28,12.199999809265137,17.15999984741211,2010-03-18,11.90999984741211,2010-11-30,false,false,252
2011-03-01,12.15999984741211,17.15999984741211,2010-03-18,11.90999984741211,2010-11-30,false,false,252
2011-03-02,12.239999771118164,17.15999984741211,2010-03-18,11.90999984741211,2010-11-30,false,false,252
2011-03-03,12.279999732971191,17.15999984741211,2010-03-18,11.90999984741211,2010-11-30,false,false,252
2011-03-04,12.350000381469727,17.15999984741211,2010-03-18,11.90999984741211,2010-11-30,false,false,252
2011-03-07,12.329999923706055,17.15999984741211,2010-03-18,11.90999984741211,2010-11-30,false,false,252
2011-03-08,12.399999618530273,17.15999984741211,2010-03-18,11.90999984741211,2010-11-30,false,false,252
2011-03-09,12.430000305175781,17.15999984741211,2010-03-18,11.90999984741211,2010-11-30,false,false,252
2011-03-10,12.119999885559082,17.15999984741211,2010-03-18,11.90999984741211,2010-11-30,false,false,252
2011-03-11,12.229999542236328,17.15999984741211,2010-03-18,11.90999984741211,2010-11-30,false,false,252
2011-03-14,11.84000015258789,17.15999984741211,2010-03-18,11.84000015258789,2011-03-14,false,true,252
2011-03-15,11.390000343322754,17.15999984741211,2010-03-18,11.390000343322754,2011-03-15,false,true,252
2011-03-16,11.489999771118164,17.15999984741211,2010-03-18,11.390000343322754,2011-03-15,false,false,252
2011-03-17,11.600000381469727,17.15999984741211,2010-03-18,11.390000343322754,2011-03-15,false,false,252
2011-03-18,11.59000015258789,17.15999984741211,2010-03-18,11.390000343322754,2011-03-15,false,false,252
2011-03-21,11.850000381469727,16.610000610351562,2010-03-30,11.390000343322754,2011-03-15,false,false,252
2011-03-22,11.739999771118164,16.610000610351562,2010-03-30,11.390000343322754,2011-03-15,false,false,252
2011-03-23,11.850000381469727,16.610000610351562,2010-03-30,11.390000343322754,2011-03-15,false,false,252
2011-03-24,11.90999984741211,16.610000610351562,2010-03-30,11.390000343322754,2011-03-15,false,false,252
2011-03-25,11.970000267028809,16.610000610351562,2010-03-30,11.390000343322754,2011-03-15,false,false,252
2011-03-28,11.880000114440918,16.610000610351562,2010-03-30,11.390000343322754,2011-03-15,false,false,252
2011-03-29,11.890000343322754,16.610000610351562,2010-03-30,11.390000343322754,2011-03-15,false,false,252
2011-03-30,12.100000381469727,16.610000610351562,2010-03-30,11.390000343322754,2011-03-15,false,false,252
2011-03-31,12.239999771118164,16.549999237060547,2010-04-15,11.390000343322754,2011-03-15,false,false,252
2011-04-01,12.520000457763672,16.549999237060547,2010-04-15,11.390000343322754,2011-03-15,false,false,252
2011-04-04,12.5600004196167,16.549999237060547,2010-04-15,11.390000343322754,2011-03-15,false,false,253
2011-04-05,12.489999771118164,16.549999237060547,2010-04-15,11.390000343322754,2011-03-15,false,false,253
2011-04-06,12.489999771118164,16.549999237060547,2010-04-15,11.390000343322754,2011-03-15,false,false,253
2011-04-07,12.359999656677246,16.549999237060547,2010-04-15,11.390000343322754,2011-03-15,false,false,253
2011-04-08,12.380000114440918,16.549999237060547,2010-04-15,11.390000343322754,2011-03-15,false,false,253
2011-04-11,12.0600004196167,16.549999237060547,2010-04-15,11.390000343322754,2011-03-15,false,false,253
2011-04-12,12.079999923706055,16.549999237060547,2010-04-15,11.390000343322754,2011-03-15,false,false,253
2011-04-13,12.15999984741211,16.549999237060547,2010-04-15,11.390000343322754,2011-03-15,false,false,253
2011-04-14,12.15999984741211,16.549999237060547,2010-04-15,11.390000343322754,2011-03-15,false,false,253
2011-04-15,12.130000114440918,16.549999237060547,2010-04-15,11.390000343322754,2011-03-15,false,false,253
2011-04-18,11.859999656677246,15.899999618530273,2010-04-21,11.390000343322754,2011-03-15,false,false,253
2011-04-19,11.9399995803833,15.899999618530273,2010-04-21,11.390000343322754,2011-03-15,false,false,253
2011-04-20,12.199999809265137,15.899999618530273,2010-04-21,11.390000343322754,2011-03-15,false,false,253
2011-04-21,12.1899995803833,15.899999618530273,2010-04-21,11.390000343322754,2011-03-15,false,false,253
2011-04-25,12.109999656677246,15.619999885559082,2010-04-26,11.390000343322754,2011-03-15,false,false,252
2011-04-26,12.069999694824219,15.619999885559082,2010-04-26,11.390000343322754,2011-03-15,false,false,252
2011-04-27,12.130000114440918,15.109999656677246,2010-05-03,11.390000343322754,2011-03-15,false,false,252
2011-04-28,11.989999771118164,15.109999656677246,2010-05-03,11.390000343322754,2011-03-15,false,false,252
2011-04-29,12.100000381469727,15.109999656677246,2010-05-03,11.390000343322754,2011-03-15,false,false,252
2011-05-02,12.239999771118164,15.109999656677246,2010-05-03,11.390000343322754,2011-03-15,false,false,252
2011-05-03,12.430000305175781,15.109999656677246,2010-05-03,11.390000343322754,2011-03-15,false,false,252
2011-05-04,12.550000190734863,14.539999961853027,2010-10-05,11.390000343322754,2011-03-15,false,false,252
2011-05-05,12.850000381469727,14.539999961853027,2010-10-05,11.390000343322754,2011-03-15,false,false,252
2011-05-06,13.739999771118164,14.539999961853027,2010-10-05,11.390000343322754,2011-03-15,false,false,252
2011-05-09,13.430000305175781,14.539999961853027,2010-10-05,11.390000343322754,2011-03-15,false,false,252
2011-05-10,13.510000228881836,14.539999961853027,2010-10-05,11.390000343322754,2011-03-15,false,false,252
2011-05-11,13.210000038146973,14.539999961853027,2010-10-05,11.390000343322754,2011-03-15,false,false,252
2011-05-12,13.050000190734863,14.539999961853027,2010-10-05,11.390000343322754,2011-03-15,false,false,252
2011-05-13,12.699999809265137,14.539999961853027,2010-10-05,11.390000343322754,2011-03-15,false,false,252
2011-05-16,12.65999984741211,14.539999961853027,2010-10-05,11.390000343322754,2011-03-15,false,false,252
2011-05-17,12.670000076293945,14.539999961853027,2010-10-05,11.390000343322754,2011-03-15,false,false,252
2011-05-18,12.949999809265137,14.539999961853027,2010-10-05,11.390000343322754,2011-03-15,false,false,252
2011-05-19,12.90999984741211,14.539999961853027,2010-10-05,11.390000343322754,2011-03-15,false,false,252
2011-05-20,13.199999809265137,14.539999961853027,2010-10-05,11.390000343322754,2011-03-15,false,false,252
2011-05-23,13.460000038146973,14.539999961853027,2010-10-05,11.390000343322754,2011-03-15,false,false,252
2011-05-24,13.460000038146973,14.539999961853027,2010-10-05,11.390000343322754,2011-03-15,false,false,252
2011-05-25,13.40999984741211,14.539999961853027,2010-10-05,11.390000343322754,2011-03-15,false,false,252
2011-05-26,13.539999961853027,14.539999961853027,2010-10-05,11.390000343322754,2011-03-15,false,false,252
2011-05-27,13.369999885559082,14.539999961853027,2010-10-05,11.390000343322754,2011-03-15,false,false,252
2011-05-31,13.739999771118164,14.539999961853027,2010-10-05,11.390000343322754,2011-03-15,false,false,252
2011-06-01,13.180000305175781,14.539999961853027,2010-10-05,11.390000343322754,2011-03-15,false,false,252
2011-06-02,12.989999771118164,14.539999961853027,2010-10-05,11.390000343322754,2011-03-15,false,false,252
2011-06-03,13.069999694824219,14.539999961853027,2010-10-05,11.390000343322754,2011-03-15,false,false,252
2011-06-06,12.989999771118164,14.539999961853027,2010-10-05,11.390000343322754,2011-03-15,false,false,252
2011-06-07,13.050000190734863,14.539999961853027,2010-10-05,11.390000343322754,2011-03-15,false,false,252
2011-06-08,12.979999542236328,14.539999961853027,2010-10-05,11.390000343322754,2011-03-15,false,false,252
2011-06-09,13.029999732971191,14.539999961853027,2010-10-05,11.390000343322754,2011-03-15,false,false,252
2011-06-10,12.859999656677246,14.539999961853027,2010-10-05,11.390000343322754,2011-03-15,false,false,252
2011-06-13,12.670000076293945,14.539999961853027,2010-10-05,11.390000343322754,2011-03-15,false,false,252
2011-06-14,12.640000343322754,14.539999961853027,2010-10-05,11.390000343322754,2011-03-15,false,false,252
2011-06-15,12.369999885559082,14.539999961853027,2010-10-05,11.390000343322754,2011-03-15,false,false,252
2011-06-16,12.510000228881836,14.539999961853027,2010-10-05,11.390000343322754,2011-03-15,false,false,252
2011-06-17,12.630000114440918,14.539999961853027,2010-10-05,11.390000343322754,2011-03-15,false,false,252
2011-06-20,12.59000015258789,14.539999961853027,2010-10-05,11.390000343322754,2011-03-15,false,false,252
2011-06-21,12.84000015258789,14.539999961853027,2010-10-05,11.390000343322754,2011-03-15,false,false,252
2011-06-22,12.479999542236328,14.539999961853027,2010-10-05,11.390000343322754,2011-03-15,false,false,252
2011-06-23,12.850000381469727,14.539999961853027,2010-10-05,11.390000343322754,2011-03-15,false,false,252
2011-06-24,12.920000076293945,14.539999961853027,2010-10-05,11.390000343322754,2011-03-15,false,false,252
2011-06-27,13.100000381469727,14.539999961853027,2010-10-05,11.390000343322754,2011-03-15,false,false,252
2011-06-28,13.229999542236328,14.539999961853027,2010-10-05,11.390000343322754,2011-03-15,false,false,252
2011-06-29,13.300000190734863,14.539999961853027,2010-10-05,11.390000343322754,2011-03-15,false,false,252
2011-06-30,13.270000457763672,14.539999961853027,2010-10-05,11.390000343322754,2011-03-15,false,false,252
2011-07-01,13.170000076293945,14.539999961853027,2010-10-05,11.390000343322754,2011-03-15,false,false,252
2011-07-05,13.260000228881836,14.539999961853027,2010-10-05,11.390000343322754,2011-03-15,false,false,252
2011-07-06,13.220000267028809,14.539999961853027,2010-10-05,11.390000343322754,2011-03-15,false,false,252
2011-07-07,13.350000381469727,14.539999961853027,2010-10-05,11.390000343322754,2011-03-15,false,false,252
2011-07-08,13.149999618530273,14.539999961853027,2010-10-05,11.390000343322754,2011-03-15,false,false,252
2011-07-11,13.109999656677246,14.539999961853027,2010-10-05,11.390000343322754,2011-03-15,false,false,252
2011-07-12,12.979999542236328,14.539999961853027,2010-10-05,11.390000343322754,2011-03-15,false,false,252
2011-07-13,12.970000267028809,14.539999961853027,2010-10-05,11.390000343322754,2011-03-15,false,false,252
2011-07-14,12.84000015258789,14.539999961853027,2010-10-05,11.390000343322754,2011-03-15,false,false,252
2011-07-15,12.949999809265137,14.539999961853027,2010-10-05,11.390000343322754,2011-03-15,false,false,252
2011-07-18,12.680000305175781,14.539999961853027,2010-10-05,11.390000343322754,2011-03-15,false,false,252
2011-07-19,12.569999694824219,14.539999961853027,2010-10-05,11.390000343322754,2011-03-15,false,false,252
2011-07-20,12.539999961853027,14.539999961853027,2010-10-05,11.390000343322754,2011-03-15,false,false,252
2011-07-21,12.640000343322754,14.539999961853027,2010-10-05,11.390000343322754,2011-03-15,false,false,252
2011-07-22,12.5,14.539999961853027,2010-10-05,11.390000343322754,2011-03-15,false,false,252
2011-07-25,12.470000267028809,14.539999961853027,2010-10-05,11.390000343322754,2011-03-15,false,false,252
2011-07-26,12.460000038146973,14.539999961853027,2010-10-05,11.390000343322754,2011-03-15,false,false,252
2011-07-27,12.109999656677246,14.539999961853027,2010-10-05,11.390000343322754,2011-03-15,false,false,252
2011-07-28,12.140000343322754,14.539999961853027,2010-10-05,11.390000343322754,2011-03-15,false,false,252
2011-07-29,12.079999923706055,14.539999961853027,2010-10-05,11.390000343322754,2011-03-15,false,false,252
2011-08-01,12.029999732971191,14.539999961853027,2010-10-05,11.390000343322754,2011-03-15,false,false,252
2011-08-02,11.779999732971191,14.539999961853027,2010-10-05,11.390000343322754,2011-03-15,false,false,252
2011-08-03,11.609999656677246,14.539999961853027,2010-10-05,11.390000343322754,2011-03-15,false,false,252
2011-08-04,11.100000381469727,14.539999961853027,2010-10-05,11.100000381469727,2011-08-04,false,true,252
2011-08-05,10.970000267028809,14.539999961853027,2010-10-05,10.970000267028809,2011-08-05,false,true,252
2011-08-08,9.850000381469727,14.539999961853027,2010-10-05,9.850000381469727,2011-08-08,false,true,252
2011-08-09,9.899999618530273,14.539999961853027,2010-10-05,9.850000381469727,2011-08-08,false,false,252
2011-08-10,9.430000305175781,14.539999961853027,2010-10-05,9.430000305175781,2011-08-10,false,true,252
2011-08-11,9.6899995803833,14.539999961853027,2010-10-05,9.430000305175781,2011-08-10,false,false,252
2011-08-12,9.6899995803833,14.539999961853027,2010-10-05,9.430000305175781,2011-08-10,false,false,252
2011-08-15,9.920000076293945,14.539999961853027,2010-10-05,9.430000305175781,2011-08-10,false,false,252
2011-08-16,9.979999542236328,14.539999961853027,2010-10-05,9.430000305175781,2011-08-10,false,false,252
2011-08-17,10.020000457763672,14.539999961853027,2010-10-05,9.430000305175781,2011-08-10,false,false,252
2011-08-18,9.430000305175781,14.539999961853027,2010-10-05,9.430000305175781,2011-08-18,false,true,252
2011-08-19,9.489999771118164,14.539999961853027,2010-10-05,9.430000305175781,2011-08-18,false,false,252
2011-08-22,10.149999618530273,14.539999961853027,2010-10-05,9.430000305175781,2011-08-18,false,false,252
2011-08-23,10.359999656677246,14.539999961853027,2010-10-05,9.430000305175781,2011-08-18,false,false,252
2011-08-24,10.260000228881836,14.539999961853027,2010-10-05,9.430000305175781,2011-08-18,false,false,252
2011-08-25,10.069999694824219,14.539999961853027,2010-10-05,9.430000305175781,2011-08-18,false,false,252
2011-08-26,10.25,14.539999961853027,2010-10-05,9.430000305175781,2011-08-18,false,false,252
2011-08-29,10.449999809265137,14.539999961853027,2010-10-05,9.430000305175781,2011-08-18,false,false,252
2011-08-30,10.350000381469727,14.539999961853027,2010-10-05,9.430000305175781,2011-08-18,false,false,252
2011-08-31,10.510000228881836,14.539999961853027,2010-10-05,9.430000305175781,2011-08-18,false,false,252
2011-09-01,10.489999771118164,14.539999961853027,2010-10-05,9.430000305175781,2011-08-18,false,false,252
2011-09-02,10.220000267028809,14.539999961853027,2010-10-05,9.430000305175781,2011-08-18,false,false,252
2011-09-06,10.229999542236328,14.539999961853027,2010-10-05,9.430000305175781,2011-08-18,false,false,252
2011-09-07,10.40999984741211,14.539999961853027,2010-10-05,9.430000305175781,2011-08-18,false,false,252
2011-09-08,10.329999923706055,14.539999961853027,2010-10-05,9.430000305175781,2011-08-18,false,false,252
2011-09-09,9.890000343322754,14.539999961853027,2010-10-05,9.430000305175781,2011-08-18,false,false,252
2011-09-12,9.819999694824219,14.539999961853027,2010-10-05,9.430000305175781,2011-08-18,false,false,252
2011-09-13,9.850000381469727,14.539999961853027,2010-10-05,9.430000305175781,2011-08-18,false,false,252
2011-09-14,9.760000228881836,14.539999961853027,2010-10-05,9.430000305175781,2011-08-18,false,false,252
2011-09-15,9.699999809265137,14.539999961853027,2010-10-05,9.430000305175781,2011-08-18,false,false,252
2011-09-16,9.890000343322754,14.539999961853027,2010-10-05,9.430000305175781,2011-08-18,false,false,252
2011-09-19,9.510000228881836,14.539999961853027,2010-10-05,9.430000305175781,2011-08-18,false,false,252
2011-09-20,9.489999771118164,14.539999961853027,2010-10-05,9.430000305175781,2011-08-18,false,false,252
2011-09-21,9.289999961853027,14.539999961853027,2010-10-05,9.289999961853027,2011-09-21,false,true,252
2011-09-22,8.630000114440918,14.539999961853027,2010-10-05,8.630000114440918,2011-09-22,false,true,252
2011-09-23,8.680000305175781,14.539999961853027,2010-10-05,8.630000114440918,2011-09-22,false,false,252
2011-09-26,8.75,14.539999961853027,2010-10-05,8.630000114440918,2011-09-22,false,false,252
2011-09-27,8.960000038146973,14.539999961853027,2010-10-05,8.630000114440918,2011-09-22,false,false,252
2011-09-28,8.770000457763672,14.539999961853027,2010-10-05,8.630000114440918,2011-09-22,false,false,252
2011-09-29,8.880000114440918,14.539999961853027,2010-10-05,8.630000114440918,2011-09-22,false,false,252
2011-09-30,8.5,14.539999961853027,2010-10-05,8.5,2011-09-30,false,true,252
2011-10-03,8.25,14.539999961853027,2010-10-05,8.25,2011-10-03,false,true,252
2011-10-04,8.569999694824219,14.539999961853027,2010-10-05,8.25,2011-10-03,false,false,252
2011-10-05,8.8100004196167,14.539999961853027,2010-10-05,8.25,2011-10-03,false,false,252
2011-10-06,9.029999732971191,14.399999618530273,2010-10-07,8.25,2011-10-03,false,false,252
2011-10-07,9.020000457763672,14.399999618530273,2010-10-07,8.25,2011-10-03,false,false,252
2011-10-10,9.449999809265137,14.220000267028809,2010-10-11,8.25,2011-10-03,false,false,252
2011-10-11,9.369999885559082,14.220000267028809,2010-10-11,8.25,2011-10-03,false,false,252
2011-10-12,9.460000038146973,14.039999961853027,2010-10-15,8.25,2011-10-03,false,false,252
2011-10-13,9.329999923706055,14.039999961853027,2010-10-15,8.25,2011-10-03,false,false,252
2011-10-14,9.680000305175781,14.039999961853027,2010-10-15,8.25,2011-10-03,false,false,252
2011-10-17,9.449999809265137,14.039999961853027,2010-10-15,8.25,2011-10-03,false,false,252
2011-10-18,9.6899995803833,13.739999771118164,2011-05-31,8.25,2011-10-03,false,false,252
2011-10-19,10.329999923706055,13.739999771118164,2011-05-31,8.25,2011-10-03,false,false,252
2011-10-20,10,13.739999771118164,2011-05-31,8.25,2011-10-03,false,false,252
2011-10-21,9.989999771118164,13.739999771118164,2011-05-31,8.25,2011-10-03,false,false,252
2011-10-24,10.430000305175781,13.739999771118164,2011-05-31,8.25,2011-10-03,false,false,252
2011-10-25,10.649999618530273,13.739999771118164,2011-05-31,8.25,2011-10-03,false,false,252
2011-10-26,10.920000076293945,13.739999771118164,2011-05-31,8.25,2011-10-03,false,false,252
2011-10-27,11.529999732971191,13.739999771118164,2011-05-31,8.25,2011-10-03,false,false,252
2011-10-28,11.510000228881836,13.739999771118164,2011-05-31,8.25,2011-10-03,false,false,252
2011-10-31,11.029999732971191,13.739999771118164,2011-05-31,8.25,2011-10-03,false,false,252
2011-11-01,10.720000267028809,13.739999771118164,2011-05-31,8.25,2011-10-03,false,false,252
2011-11-02,11.09000015258789,13.739999771118164,2011-05-31,8.25,2011-10-03,false,false,252
2011-11-03,11.079999923706055,13.739999771118164,2011-05-31,8.25,2011-10-03,false,false,252
2011-11-04,10.90999984741211,13.739999771118164,2011-05-31,8.25,2011-10-03,false,false,252
2011-11-07,10.859999656677246,13.739999771118164,2011-05-31,8.25,2011-10-03,false,false,252
2011-11-08,10.829999923706055,13.739999771118164,2011-05-31,8.25,2011-10-03,false,false,252
2011-11-09,10.5,13.739999771118164,2011-05-31,8.25,2011-10-03,false,false,252
2011-11-10,10.34000015258789,13.739999771118164,2011-05-31,8.25,2011-10-03,false,false,252
2011-11-11,10.510000228881836,13.739999771118164,2011-05-31,8.25,2011-10-03,false,false,252
2011-11-14,10.609999656677246,13.739999771118164,2011-05-31,8.25,2011-10-03,false,false,252
2011-11-15,10.640000343322754,13.739999771118164,2011-05-31,8.25,2011-10-03,false,false,252
2011-11-16,10.449999809265137,13.739999771118164,2011-05-31,8.25,2011-10-03,false,false,252
2011-11-17,10.329999923706055,13.739999771118164,2011-05-31,8.25,2011-10-03,false,false,252
2011-11-18,10.210000038146973,13.739999771118164,2011-05-31,8.25,2011-10-03,false,false,252
2011-11-21,10.270000457763672,13.739999771118164,2011-05-31,8.25,2011-10-03,false,false,252
2011-11-22,10.25,13.739999771118164,2011-05-31,8.25,2011-10-03,false,false,252
2011-11-23,9.8100004196167,13.739999771118164,2011-05-31,8.25,2011-10-03,false,false,252
2011-11-25,10.430000305175781,13.739999771118164,2011-05-31,8.25,2011-10-03,false,false,252
2011-11-28,11.210000038146973,13.739999771118164,2011-05-31,8.25,2011-10-03,false,false,252
2011-11-29,11.109999656677246,13.739999771118164,2011-05-31,8.25,2011-10-03,false,false,252
2011-11-30,11.100000381469727,13.739999771118164,2011-05-31,8.25,2011-10-03,false,false,252
2011-12-01,10.859999656677246,13.739999771118164,2011-05-31,8.25,2011-10-03,false,false,252
2011-12-02,10.869999885559082,13.739999771118164,2011-05-31,8.25,2011-10-03,false,false,252
2011-12-05,11.069999694824219,13.739999771118164,2011-05-31,8.25,2011-10-03,false,false,252
2011-12-06,11.180000305175781,13.739999771118164,2011-05-31,8.25,2011-10-03,false,false,252
2011-12-07,11.510000228881836,13.739999771118164,2011-05-31,8.25,2011-10-03,false,false,252
2011-12-08,11.1899995803833,13.739999771118164,2011-05-31,8.25,2011-10-03,false,false,252
2011-12-09,11.140000343322754,13.739999771118164,2011-05-31,8.25,2011-10-03,false,false,252
2011-12-12,11.100000381469727,13.739999771118164,2011-05-31,8.25,2011-10-03,false,false,252
2011-12-13,11.020000457763672,13.739999771118164,2011-05-31,8.25,2011-10-03,false,false,252
2011-12-14,11.039999961853027,13.739999771118164,2011-05-31,8.25,2011-10-03,false,false,252
2011-12-15,11.489999771118164,13.739999771118164,2011-05-31,8.25,2011-10-03,false,false,252
2011-12-16,11.550000190734863,13.739999771118164,2011-05-31,8.25,2011-10-03,false,false,252
2011-12-19,10.9399995803833,13.739999771118164,2011-05-31,8.25,2011-10-03,false,false,252
2011-12-20,11.079999923706055,13.739999771118164,2011-05-31,8.25,2011-10-03,false,false,252
2011-12-21,11.199999809265137,13.739999771118164,2011-05-31,8.25,2011-10-03,false,false,252
2011-12-22,11.350000381469727,13.739999771118164,2011-05-31,8.25,2011-10-03,false,false,252
2011-12-23,11.40999984741211,13.739999771118164,2011-05-31,8.25,2011-10-03,false,false,252
2011-12-27,11.020000457763672,13.739999771118164,2011-05-31,8.25,2011-10-03,false,false,252
2011-12-28,10.989999771118164,13.739999771118164,2011-05-31,8.25,2011-10-03,false,false,252
2011-12-29,11.020000457763672,13.739999771118164,2011-05-31,8.25,2011-10-03,false,false,252
2011-12-30,10.979999542236328,13.739999771118164,2011-05-31,8.25,2011-10-03,false,false,252
2012-01-03,11.149999618530273,13.739999771118164,2011-05-31,8.25,2011-10-03,false,false,251
2012-01-04,11.25,13.739999771118164,2011-05-31,8.25,2011-10-03,false,false,251
2012-01-05,11.59000015258789,13.739999771118164,2011-05-31,8.25,2011-10-03,false,false,251
2012-01-06,11.609999656677246,13.739999771118164,2011-05-31,8.25,2011-10-03,false,false,251
2012-01-09,11.8100004196167,13.739999771118164,2011-05-31,8.25,2011-10-03,false,false,251
2012-01-10,11.880000114440918,13.739999771118164,2011-05-31,8.25,2011-10-03,false,false,251
2012-01-11,11.609999656677246,13.739999771118164,2011-05-31,8.25,2011-10-03,false,false,251
2012-01-12,11.6899995803833,13.739999771118164,2011-05-31,8.25,2011-10-03,false,false,251
2012-01-13,11.5,13.739999771118164,2011-05-31,8.25,2011-10-03,false,false,251
2012-01-17,11.390000343322754,13.739999771118164,2011-05-31,8.25,2011-10-03,false,false,251
2012-01-18,11.649999618530273,13.739999771118164,2011-05-31,8.25,2011-10-03,false,false,251
2012-01-19,11.789999961853027,13.739999771118164,2011-05-31,8.25,2011-10-03,false,false,251
2012-01-20,11.720000267028809,13.739999771118164,2011-05-31,8.25,2011-10-03,false,false,251
2012-01-23,11.779999732971191,13.739999771118164,2011-05-31,8.25,2011-10-03,false,false,251
2012-01-24,11.729999542236328,13.739999771118164,2011-05-31,8.25,2011-10-03,false,false,251
2012-01-25,12.0600004196167,13.739999771118164,2011-05-31,8.25,2011-10-03,false,false,251
2012-01-26,12.039999961853027,13.739999771118164,2011-05-31,8.25,2011-10-03,false,false,251
2012-01-27,12.010000228881836,13.739999771118164,2011-05-31,8.25,2011-10-03,false,false,251
2012-01-30,12.100000381469727,13.739999771118164,2011-05-31,8.25,2011-10-03,false,false,251
2012-01-31,12.329999923706055,13.739999771118164,2011-05-31,8.25,2011-10-03,false,false,251
2012-02-01,12.449999809265137,13.739999771118164,2011-05-31,8.25,2011-10-03,false,false,251
2012-02-02,12.300000190734863,13.739999771118164,2011-05-31,8.25,2011-10-03,false,false,251
2012-02-03,12.34000015258789,13.739999771118164,2011-05-31,8.25,2011-10-03,false,false,251
2012-02-06,12.279999732971191,13.739999771118164,2011-05-31,8.25,2011-10-03,false,false,251
2012-02-07,12.329999923706055,13.739999771118164,2011-05-31,8.25,2011-10-03,false,false,251
2012-02-08,11.989999771118164,13.739999771118164,2011-05-31,8.25,2011-10-03,false,false,251
2012-02-09,11.699999809265137,13.739999771118164,2011-05-31,8.25,2011-10-03,false,false,251
2012-02-10,11.529999732971191,13.739999771118164,2011-05-31,8.25,2011-10-03,false,false,251
2012-02-13,11.59000015258789,13.739999771118164,2011-05-31,8.25,2011-10-03,false,false,251
2012-02-14,11.279999732971191,13.739999771118164,2011-05-31,8.25,2011-10-03,false,false,251
2012-02-15,11.15999984741211,13.739999771118164,2011-05-31,8.25,2011-10-03,false,false,251
2012-02-16,11.1899995803833,13.739999771118164,2011-05-31,8.25,2011-10-03,false,false,251
2012-02-17,11.0600004196167,13.739999771118164,2011-05-31,8.25,2011-10-03,false,false,251
2012-02-21,11.119999885559082,13.739999771118164,2011-05-31,8.25,2011-10-03,false,false,251
2012-02-22,11.050000190734863,13.739999771118164,2011-05-31,8.25,2011-10-03,false,false,251
2012-02-23,11.119999885559082,13.739999771118164,2011-05-31,8.25,2011-10-03,false,false,251
2012-02-24,11.300000190734863,13.739999771118164,2011-05-31,8.25,2011-10-03,false,false,251
2012-02-27,11.180000305175781,13.739999771118164,2011-05-31,8.25,2011-10-03,false,false,251
2012-02-28,11.100000381469727,13.739999771118164,2011-05-31,8.25,2011-10-03,false,false,251
2012-02-29,11.149999618530273,13.739999771118164,2011-05-31,8.25,2011-10-03,false,false,251
2012-03-01,11.149999618530273,13.739999771118164,2011-05-31,8.25,2011-10-03,false,false,251
2012-03-02,11.210000038146973,13.739999771118164,2011-05-31,8.25,2011-10-03,false,false,251
2012-03-05,11.100000381469727,13.739999771118164,2011-05-31,8.25,2011-10-03,false,false,251
2012-03-06,10.6899995803833,13.739999771118164,2011-05-31,8.25,2011-10-03,false,false,251
2012-03-07,10.670000076293945,13.739999771118164,2011-05-31,8.25,2011-10-03,false,false,251
2012-03-08,10.630000114440918,13.739999771118164,2011-05-31,8.25,2011-10-03,false,false,251
2012-03-09,10.5600004196167,13.739999771118164,2011-05-31,8.25,2011-10-03,false,false,251
2012-03-12,10.399999618530273,13.739999771118164,2011-05-31,8.25,2011-10-03,false,false,251
2012-03-13,10.520000457763672,13.739999771118164,2011-05-31,8.25,2011-10-03,false,false,251
2012-03-14,10.220000267028809,13.739999771118164,2011-05-31,8.25,2011-10-03,false,false,251
2012-03-15,10.279999732971191,13.739999771118164,2011-05-31,8.25,2011-10-03,false,false,251
2012-03-16,10.229999542236328,13.739999771118164,2011-05-31,8.25,2011-10-03,false,false,251
2012-03-19,10.350000381469727,13.739999771118164,2011-05-31,8.25,2011-10-03,false,false,251
2012-03-20,10.180000305175781,13.739999771118164,2011-05-31,8.25,2011-10-03,false,false,251
2012-03-21,10.199999809265137,13.739999771118164,2011-05-31,8.25,2011-10-03,false,false,251
2012-03-22,10.010000228881836,13.739999771118164,2011-05-31,8.25,2011-10-03,false,false,251
2012-03-23,9.970000267028809,13.739999771118164,2011-05-31,8.25,2011-10-03,false,false,251
2012-03-26,9.890000343322754,13.739999771118164,2011-05-31,8.25,2011-10-03,false,false,251
2012-03-27,9.9399995803833,13.739999771118164,2011-05-31,8.25,2011-10-03,false,false,251
2012-03-28,9.789999961853027,13.739999771118164,2011-05-31,8.25,2011-10-03,false,false,251
2012-03-29,9.75,13.739999771118164,2011-05-31,8.25,2011-10-03,false,false,251
2012-03-30,9.729999542236328,13.739999771118164,2011-05-31,8.25,2011-10-03,false,false,251
2012-04-02,9.920000076293945,13.739999771118164,2011-05-31,8.25,2011-10-03,false,false,251
2012-04-03,9.699999809265137,13.739999771118164,2011-05-31,8.25,2011-10-03,false,false,251
2012-04-04,9.6899995803833,13.739999771118164,2011-05-31,8.25,2011-10-03,false,false,251
2012-04-05,9.630000114440918,13.739999771118164,2011-05-31,8.25,2011-10-03,false,false,251
2012-04-09,9.8100004196167,13.739999771118164,2011-05-31,8.25,2011-10-03,false,false,250
2012-04-10,9.529999732971191,13.739999771118164,2011-05-31,8.25,2011-10-03,false,false,250
2012-04-11,9.640000343322754,13.739999771118164,2011-05-31,8.25,2011-10-03,false,false,250
2012-04-12,9.779999732971191,13.739999771118164,2011-05-31,8.25,2011-10-03,false,false,250
2012-04-13,9.670000076293945,13.739999771118164,2011-05-31,8.25,2011-10-03,false,false,250
2012-04-16,9.739999771118164,13.739999771118164,2011-05-31,8.25,2011-10-03,false,false,250
2012-04-17,9.819999694824219,13.739999771118164,2011-05-31,8.25,2011-10-03,false,false,250
2012-04-18,9.680000305175781,13.739999771118164,2011-05-31,8.25,2011-10-03,false,false,250
2012-04-19,9.619999885559082,13.739999771118164,2011-05-31,8.25,2011-10-03,false,false,250
2012-04-20,9.609999656677246,13.739999771118164,2011-05-31,8.25,2011-10-03,false,false,250
2012-04-23,9.510000228881836,13.739999771118164,2011-05-31,8.25,2011-10-03,false,false,251
2012-04-24,9.539999961853027,13.739999771118164,2011-05-31,8.25,2011-10-03,false,false,251
2012-04-25,9.5,13.739999771118164,2011-05-31,8.25,2011-10-03,false,false,251
2012-04-26,9.40999984741211,13.739999771118164,2011-05-31,8.25,2011-10-03,false,false,251
2012-04-27,9.369999885559082,13.739999771118164,2011-05-31,8.25,2011-10-03,false,false,251
2012-04-30,9.5,13.739999771118164,2011-05-31,8.25,2011-10-03,false,false,251
2012-05-01,9.529999732971191,13.739999771118164,2011-05-31,8.25,2011-10-03,false,false,251
2012-05-02,9.850000381469727,13.739999771118164,2011-05-31,8.25,2011-10-03,false,false,251
2012-05-03,9.979999542236328,13.739999771118164,2011-05-31,8.25,2011-10-03,false,false,251
2012-05-04,10.100000381469727,13.739999771118164,2011-05-31,8.25,2011-10-03,false,false,251
2012-05-07,10.220000267028809,13.739999771118164,2011-05-31,8.25,2011-10-03,false,false,251
2012-05-08,10.149999618530273,13.739999771118164,2011-05-31,8.25,2011-10-03,false,false,251
2012-05-09,10.149999618530273,13.739999771118164,2011-05-31,8.25,2011-10-03,false,false,251
2012-05-10,10.010000228881836,13.739999771118164,2011-05-31,8.25,2011-10-03,false,false,251
2012-05-11,9.960000038146973,13.739999771118164,2011-05-31,8.25,2011-10-03,false,false,251
2012-05-14,9.6899995803833,13.739999771118164,2011-05-31,8.25,2011-10-03,false,false,251
2012-05-15,9.479999542236328,13.739999771118164,2011-05-31,8.25,2011-10-03,false,false,251
2012-05-16,9.470000267028809,13.739999771118164,2011-05-31,8.25,2011-10-03,false,false,251
2012-05-17,9.90999984741211,13.739999771118164,2011-05-31,8.25,2011-10-03,false,false,251
2012-05-18,9.529999732971191,13.739999771118164,2011-05-31,8.25,2011-10-03,false,false,251
2012-05-21,9.6899995803833,13.739999771118164,2011-05-31,8.25,2011-10-03,false,false,251
2012-05-22,9.630000114440918,13.739999771118164,2011-05-31,8.25,2011-10-03,false,false,251
2012-05-23,9.539999961853027,13.739999771118164,2011-05-31,8.25,2011-10-03,false,false,251
2012-05-24,9.390000343322754,13.739999771118164,2011-05-31,8.25,2011-10-03,false,false,251
2012-05-25,9.359999656677246,13.739999771118164,2011-05-31,8.25,2011-10-03,false,false,251
2012-05-29,9.520000457763672,13.739999771118164,2011-05-31,8.25,2011-10-03,false,false,251
2012-05-30,9.40999984741211,13.739999771118164,2011-05-31,8.25,2011-10-03,false,false,251
2012-05-31,9.399999618530273,13.350000381469727,2011-07-07,8.25,2011-10-03,false,false,251
2012-06-01,9.470000267028809,13.350000381469727,2011-07-07,8.25,2011-10-03,false,false,251
2012-06-04,9.770000457763672,13.350000381469727,2011-07-07,8.25,2011-10-03,false,false,251
2012-06-05,10.079999923706055,13.350000381469727,2011-07-07,8.25,2011-10-03,false,false,251
2012-06-06,10.220000267028809,13.350000381469727,2011-07-07,8.25,2011-10-03,false,false,251
2012-06-07,10.25,13.350000381469727,2011-07-07,8.25,2011-10-03,false,false,251
2012-06-08,10.199999809265137,13.350000381469727,2011-07-07,8.25,2011-10-03,false,false,251
2012-06-11,10.09000015258789,13.350000381469727,2011-07-07,8.25,2011-10-03,false,false,251
2012-06-12,10.140000343322754,13.350000381469727,2011-07-07,8.25,2011-10-03,false,false,251
2012-06-13,10.069999694824219,13.350000381469727,2011-07-07,8.25,2011-10-03,false,false,251
2012-06-14,10.260000228881836,13.350000381469727,2011-07-07,8.25,2011-10-03,false,false,251
2012-06-15,10.260000228881836,13.350000381469727,2011-07-07,8.25,2011-10-03,false,false,251
2012-06-18,10.350000381469727,13.350000381469727,2011-07-07,8.25,2011-10-03,false,false,251
2012-06-19,10.430000305175781,13.350000381469727,2011-07-07,8.25,2011-10-03,false,false,251
2012-06-20,10.630000114440918,13.350000381469727,2011-07-07,8.25,2011-10-03,false,false,251
2012-06-21,10.59000015258789,13.350000381469727,2011-07-07,8.25,2011-10-03,false,false,251
2012-06-22,10.899999618530273,13.350000381469727,2011-07-07,8.25,2011-10-03,false,false,251
2012-06-25,10.930000305175781,13.350000381469727,2011-07-07,8.25,2011-10-03,false,false,251
2012-06-26,10.789999961853027,13.350000381469727,2011-07-07,8.25,2011-10-03,false,false,251
2012-06-27,10.859999656677246,13.350000381469727,2011-07-07,8.25,2011-10-03,false,false,251
2012-06-28,10.90999984741211,13.350000381469727,2011-07-07,8.25,2011-10-03,false,false,251
2012-06-29,11.180000305175781,13.350000381469727,2011-07-07,8.25,2011-10-03,false,false,251
2012-07-02,11.229999542236328,13.350000381469727,2011-07-07,8.25,2011-10-03,false,false,251
2012-07-03,11.520000457763672,13.350000381469727,2011-07-07,8.25,2011-10-03,false,false,252
2012-07-05,11.289999961853027,13.350000381469727,2011-07-07,8.25,2011-10-03,false,false,251
2012-07-06,10.970000267028809,13.350000381469727,2011-07-07,8.25,2011-10-03,false,false,251
2012-07-09,11.020000457763672,13.109999656677246,2011-07-11,8.25,2011-10-03,false,false,251
2012-07-10,11,13.109999656677246,2011-07-11,8.25,2011-10-03,false,false,251
2012-07-11,10.989999771118164,12.970000267028809,2011-07-13,8.25,2011-10-03,false,false,251
2012-07-12,10.850000381469727,12.970000267028809,2011-07-13,8.25,2011-10-03,false,false,251
2012-07-13,10.84000015258789,12.949999809265137,2011-07-15,8.25,2011-10-03,false,false,251
2012-07-16,10.930000305175781,12.949999809265137,2011-07-15,8.25,2011-10-03,false,false,251
2012-07-17,11.050000190734863,12.640000343322754,2011-07-21,8.25,2011-10-03,false,false,251
2012-07-18,11.09000015258789,12.640000343322754,2011-07-21,8.25,2011-10-03,false,false,251
2012-07-19,10.979999542236328,12.640000343322754,2011-07-21,8.25,2011-10-03,false,false,251
2012-07-20,10.970000267028809,12.640000343322754,2011-07-21,8.25,2011-10-03,false,false,251
2012-07-23,10.890000343322754,12.470000267028809,2011-07-25,8.25,2011-10-03,false,false,251
2012-07-24,11.09000015258789,12.470000267028809,2011-07-25,8.25,2011-10-03,false,false,251
2012-07-25,10.979999542236328,12.449999809265137,2012-02-01,8.25,2011-10-03,false,false,251
2012-07-26,11.180000305175781,12.449999809265137,2012-02-01,8.25,2011-10-03,false,false,251
2012-07-27,11.289999961853027,12.449999809265137,2012-02-01,8.25,2011-10-03,false,false,251
2012-07-30,11.149999618530273,12.449999809265137,2012-02-01,8.25,2011-10-03,false,false,251
2012-07-31,11.050000190734863,12.449999809265137,2012-02-01,8.25,2011-10-03,false,false,251
2012-08-01,11.149999618530273,12.449999809265137,2012-02-01,8.25,2011-10-03,false,false,251
2012-08-02,11.069999694824219,12.449999809265137,2012-02-01,8.25,2011-10-03,false,false,251
2012-08-03,11.09000015258789,12.449999809265137,2012-02-01,8.25,2011-10-03,false,false,251
2012-08-06,10.720000267028809,12.449999809265137,2012-02-01,8.25,2011-10-03,false,false,251
2012-08-07,10.489999771118164,12.449999809265137,2012-02-01,8.25,2011-10-03,false,false,251
2012-08-08,10.5,12.449999809265137,2012-02-01,8.25,2011-10-03,false,false,251
2012-08-09,10.720000267028809,12.449999809265137,2012-02-01,8.25,2011-10-03,false,false,251
2012-08-10,10.619999885559082,12.449999809265137,2012-02-01,8.25,2011-10-03,false,false,251
2012-08-13,10.619999885559082,12.449999809265137,2012-02-01,8.25,2011-10-03,false,false,251
2012-08-14,10.699999809265137,12.449999809265137,2012-02-01,8.25,2011-10-03,false,false,251
2012-08-15,10.649999618530273,12.449999809265137,2012-02-01,8.25,2011-10-03,false,false,251
2012-08-16,10.720000267028809,12.449999809265137,2012-02-01,8.25,2011-10-03,false,false,251
2012-08-17,10.729999542236328,12.449999809265137,2012-02-01,8.25,2011-10-03,false,false,251
2012-08-20,10.859999656677246,12.449999809265137,2012-02-01,8.25,2011-10-03,false,false,251
2012-08-21,10.84000015258789,12.449999809265137,2012-02-01,8.25,2011-10-03,false,false,251
2012-08-22,10.930000305175781,12.449999809265137,2012-02-01,8.25,2011-10-03,false,false,251
2012-08-23,10.869999885559082,12.449999809265137,2012-02-01,8.25,2011-10-03,false,false,251
2012-08-24,11.010000228881836,12.449999809265137,2012-02-01,8.25,2011-10-03,false,false,251
2012-08-27,11.140000343322754,12.449999809265137,2012-02-01,8.25,2011-10-03,false,false,251
2012-08-28,10.970000267028809,12.449999809265137,2012-02-01,8.25,2011-10-03,false,false,251
2012-08-29,10.829999923706055,12.449999809265137,2012-02-01,8.25,2011-10-03,false,false,251
2012-08-30,10.619999885559082,12.449999809265137,2012-02-01,8.25,2011-10-03,false,false,251
2012-08-31,10.710000038146973,12.449999809265137,2012-02-01,8.25,2011-10-03,false,false,251
2012-09-04,10.449999809265137,12.449999809265137,2012-02-01,8.25,2011-10-03,false,false,251
2012-09-05,10.369999885559082,12.449999809265137,2012-02-01,8.25,2011-10-03,false,false,251
2012-09-06,10.649999618530273,12.449999809265137,2012-02-01,8.25,2011-10-03,false,false,251
2012-09-07,10.6899995803833,12.449999809265137,2012-02-01,8.25,2011-10-03,false,false,251
2012-09-10,10.579999923706055,12.449999809265137,2012-02-01,8.25,2011-10-03,false,false,251
2012-09-11,10.600000381469727,12.449999809265137,2012-02-01,8.25,2011-10-03,false,false,251
2012-09-12,10.609999656677246,12.449999809265137,2012-02-01,8.25,2011-10-03,false,false,251
2012-09-13,11.119999885559082,12.449999809265137,2012-02-01,8.25,2011-10-03,false,false,251
2012-09-14,11.069999694824219,12.449999809265137,2012-02-01,8.25,2011-10-03,false,false,251
2012-09-17,11.029999732971191,12.449999809265137,2012-02-01,8.25,2011-10-03,false,false,251
2012-09-18,11.079999923706055,12.449999809265137,2012-02-01,8.25,2011-10-03,false,false,251
2012-09-19,11.279999732971191,12.449999809265137,2012-02-01,8.25,2011-10-03,false,false,251
2012-09-20,11.229999542236328,12.449999809265137,2012-02-01,8.25,2011-10-03,false,false,251
2012-09-21,11.380000114440918,12.449999809265137,2012-02-01,8.25,2011-10-03,false,false,251
2012-09-24,11.5,12.449999809265137,2012-02-01,8.25,2011-10-03,false,false,251
2012-09-25,11.8100004196167,12.449999809265137,2012-02-01,8.25,2011-10-03,false,false,251
2012-09-26,12.300000190734863,12.449999809265137,2012-02-01,8.25,2011-10-03,false,false,251
2012-09-27,12.359999656677246,12.449999809265137,2012-02-01,8.25,2011-10-03,false,false,251
2012-09-28,12.420000076293945,12.449999809265137,2012-02-01,8.25,2011-10-03,false,false,251
2012-10-01,12.430000305175781,12.449999809265137,2012-02-01,8.25,2011-10-03,false,false,251
2012-10-02,12.5600004196167,12.5600004196167,2012-10-02,8.25,2011-10-03,true,false,251
2012-10-03,12.5600004196167,12.5600004196167,2012-10-03,8.8100004196167,2011-10-05,true,false,251
2012-10-04,12.569999694824219,12.569999694824219,2012-10-04,8.8100004196167,2011-10-05,true,false,251
2012-10-05,12.40999984741211,12.569999694824219,2012-10-04,9.020000457763672,2011-10-07,false,false,251
2012-10-08,12.40999984741211,12.569999694824219,2012-10-04,9.020000457763672,2011-10-07,false,false,251
2012-10-09,11.84000015258789,12.569999694824219,2012-10-04,9.329999923706055,2011-10-13,false,false,251
2012-10-10,11.649999618530273,12.569999694824219,2012-10-04,9.329999923706055,2011-10-13,false,false,251
2012-10-11,11.930000305175781,12.569999694824219,2012-10-04,9.329999923706055,2011-10-13,false,false,251
2012-10-12,11.859999656677246,12.569999694824219,2012-10-04,9.329999923706055,2011-10-13,false,false,251
2012-10-15,12.229999542236328,12.569999694824219,2012-10-04,9.359999656677246,2012-05-25,false,false,251
2012-10-16,12.619999885559082,12.619999885559082,2012-10-16,9.359999656677246,2012-05-25,true,false,251
2012-10-17,12.699999809265137,12.699999809265137,2012-10-17,9.359999656677246,2012-05-25,true,false,251
2012-10-18,12.470000267028809,12.699999809265137,2012-10-17,9.359999656677246,2012-05-25,false,false,251
2012-10-19,12.359999656677246,12.699999809265137,2012-10-17,9.359999656677246,2012-05-25,false,false,251
2012-10-22,12.59000015258789,12.699999809265137,2012-10-17,9.359999656677246,2012-05-25,false,false,251
2012-10-23,12.5,12.699999809265137,2012-10-17,9.359999656677246,2012-05-25,false,false,251
2012-10-24,12.720000267028809,12.720000267028809,2012-10-24,9.359999656677246,2012-05-25,true,false,251
2012-10-25,12.649999618530273,12.720000267028809,2012-10-24,9.359999656677246,2012-05-25,false,false,251
2012-10-26,12.59000015258789,12.720000267028809,2012-10-24,9.359999656677246,2012-05-25,false,false,251
2012-10-31,12.890000343322754,12.890000343322754,2012-10-31,9.359999656677246,2012-05-25,true,false,249
2012-11-01,13.739999771118164,13.739999771118164,2012-11-01,9.359999656677246,2012-05-25,true,false,249
2012-11-02,13.279999732971191,13.739999771118164,2012-11-01,9.359999656677246,2012-05-25,false,false,249
2012-11-05,13.109999656677246,13.739999771118164,2012-11-01,9.359999656677246,2012-05-25,false,false,249
2012-11-06,12.789999961853027,13.739999771118164,2012-11-01,9.359999656677246,2012-05-25,false,false,249
2012-11-07,12.369999885559082,13.739999771118164,2012-11-01,9.359999656677246,2012-05-25,false,false,249
2012-11-08,12.329999923706055,13.739999771118164,2012-11-01,9.359999656677246,2012-05-25,false,false,249
2012-11-09,12.239999771118164,13.739999771118164,2012-11-01,9.359999656677246,2012-05-25,false,false,249
2012-11-12,12.300000190734863,13.739999771118164,2012-11-01,9.359999656677246,2012-05-25,false,false,249
2012-11-13,12.109999656677246,13.739999771118164,2012-11-01,9.359999656677246,2012-05-25,false,false,249
2012-11-14,12.260000228881836,13.739999771118164,2012-11-01,9.359999656677246,2012-05-25,false,false,249
2012-11-15,12.4399995803833,13.739999771118164,2012-11-01,9.359999656677246,2012-05-25,false,false,249
2012-11-16,12.569999694824219,13.739999771118164,2012-11-01,9.359999656677246,2012-05-25,false,false,249
2012-11-19,12.550000190734863,13.739999771118164,2012-11-01,9.359999656677246,2012-05-25,false,false,249
2012-11-20,12.4399995803833,13.739999771118164,2012-11-01,9.359999656677246,2012-05-25,false,false,249
2012-11-21,12.380000114440918,13.739999771118164,2012-11-01,9.359999656677246,2012-05-25,false,false,249
2012-11-23,12.479999542236328,13.739999771118164,2012-11-01,9.359999656677246,2012-05-25,false,false,249
2012-11-26,12.460000038146973,13.739999771118164,2012-11-01,9.359999656677246,2012-05-25,false,false,249
2012-11-27,12.239999771118164,13.739999771118164,2012-11-01,9.359999656677246,2012-05-25,false,false,249
2012-11-28,12.300000190734863,13.739999771118164,2012-11-01,9.359999656677246,2012-05-25,false,false,249
2012-11-29,12.289999961853027,13.739999771118164,2012-11-01,9.359999656677246,2012-05-25,false,false,249
2012-11-30,12.270000457763672,13.739999771118164,2012-11-01,9.359999656677246,2012-05-25,false,false,249
2012-12-03,12.3100004196167,13.739999771118164,2012-11-01,9.359999656677246,2012-05-25,false,false,249
2012-12-04,12.210000038146973,13.739999771118164,2012-11-01,9.359999656677246,2012-05-25,false,false,249
2012-12-05,12.369999885559082,13.739999771118164,2012-11-01,9.359999656677246,2012-05-25,false,false,249
2012-12-06,12.25,13.739999771118164,2012-11-01,9.359999656677246,2012-05-25,false,false,249
2012-12-07,12.350000381469727,13.739999771118164,2012-11-01,9.359999656677246,2012-05-25,false,false,249
2012-12-10,12.5,13.739999771118164,2012-11-01,9.359999656677246,2012-05-25,false,false,249
2012-12-11,12.359999656677246,13.739999771118164,2012-11-01,9.359999656677246,2012-05-25,false,false,249
2012-12-12,12.489999771118164,13.739999771118164,2012-11-01,9.359999656677246,2012-05-25,false,false,249
2012-12-13,12.460000038146973,13.739999771118164,2012-11-01,9.359999656677246,2012-05-25,false,false,249
2012-12-14,12.739999771118164,13.739999771118164,2012-11-01,9.359999656677246,2012-05-25,false,false,249
2012-12-17,13.229999542236328,13.739999771118164,2012-11-01,9.359999656677246,2012-05-25,false,false,249
2012-12-18,13.260000228881836,13.739999771118164,2012-11-01,9.359999656677246,2012-05-25,false,false,249
2012-12-19,13.140000343322754,13.739999771118164,2012-11-01,9.359999656677246,2012-05-25,false,false,249
2012-12-20,13.649999618530273,13.739999771118164,2012-11-01,9.359999656677246,2012-05-25,false,false,249
2012-12-21,13.729999542236328,13.739999771118164,2012-11-01,9.359999656677246,2012-05-25,false,false,249
2012-12-24,13.34000015258789,13.739999771118164,2012-11-01,9.359999656677246,2012-05-25,false,false,249
2012-12-26,13.550000190734863,13.739999771118164,2012-11-01,9.359999656677246,2012-05-25,false,false,249
2012-12-27,13.619999885559082,13.739999771118164,2012-11-01,9.359999656677246,2012-05-25,false,false,249
2012-12-28,13.9399995803833,13.9399995803833,2012-12-28,9.359999656677246,2012-05-25,true,false,249
2012-12-31,13.970000267028809,13.970000267028809,2012-12-31,9.359999656677246,2012-05-25,true,false,249
2013-01-02,14.739999771118164,14.739999771118164,2013-01-02,9.359999656677246,2012-05-25,true,false,249
2013-01-03,14.6899995803833,14.739999771118164,2013-01-02,9.359999656677246,2012-05-25,false,false,249
2013-01-04,14.710000038146973,14.739999771118164,2013-01-02,9.359999656677246,2012-05-25,false,false,249
2013-01-07,14.350000381469727,14.739999771118164,2013-01-02,9.359999656677246,2012-05-25,false,false,249
2013-01-08,14.34000015258789,14.739999771118164,2013-01-02,9.359999656677246,2012-05-25,false,false,249
2013-01-09,14.859999656677246,14.859999656677246,2013-01-09,9.359999656677246,2012-05-25,true,false,249
2013-01-10,15.399999618530273,15.399999618530273,2013-01-10,9.359999656677246,2012-05-25,true,false,249
2013-01-11,15.8100004196167,15.8100004196167,2013-01-11,9.359999656677246,2012-05-25,true,false,249
2013-01-14,16.350000381469727,16.350000381469727,2013-01-14,9.359999656677246,2012-05-25,true,false,249
2013-01-15,15.789999961853027,16.350000381469727,2013-01-14,9.359999656677246,2012-05-25,false,false,250
2013-01-16,15.9399995803833,16.350000381469727,2013-01-14,9.359999656677246,2012-05-25,false,false,250
2013-01-17,15.899999618530273,16.350000381469727,2013-01-14,9.359999656677246,2012-05-25,false,false,250
2013-01-18,16.09000015258789,16.350000381469727,2013-01-14,9.359999656677246,2012-05-25,false,false,250
2013-01-22,16.049999237060547,16.350000381469727,2013-01-14,9.359999656677246,2012-05-25,false,false,249
2013-01-23,15.850000381469727,16.350000381469727,2013-01-14,9.359999656677246,2012-05-25,false,false,249
2013-01-24,16.010000228881836,16.350000381469727,2013-01-14,9.359999656677246,2012-05-25,false,false,249
2013-01-25,16.09000015258789,16.350000381469727,2013-01-14,9.359999656677246,2012-05-25,false,false,249
2013-01-28,16.040000915527344,16.350000381469727,2013-01-14,9.359999656677246,2012-05-25,false,false,249
2013-01-29,15.630000114440918,16.350000381469727,2013-01-14,9.359999656677246,2012-05-25,false,false,249
2013-01-30,14.869999885559082,16.350000381469727,2013-01-14,9.359999656677246,2012-05-25,false,false,249
2013-01-31,15.010000228881836,16.350000381469727,2013-01-14,9.359999656677246,2012-05-25,false,false,249
2013-02-01,15.289999961853027,16.350000381469727,2013-01-14,9.359999656677246,2012-05-25,false,false,249
2013-02-04,15.350000381469727,16.350000381469727,2013-01-14,9.359999656677246,2012-05-25,false,false,249
2013-02-05,15.0600004196167,16.350000381469727,2013-01-14,9.359999656677246,2012-05-25,false,false,249
2013-02-06,15.079999923706055,16.350000381469727,2013-01-14,9.359999656677246,2012-05-25,false,false,249
2013-02-07,14.619999885559082,16.350000381469727,2013-01-14,9.359999656677246,2012-05-25,false,false,249
2013-02-08,14.470000267028809,16.350000381469727,2013-01-14,9.359999656677246,2012-05-25,false,false,249
2013-02-11,14.4399995803833,16.350000381469727,2013-01-14,9.359999656677246,2012-05-25,false,false,249
2013-02-12,14.140000343322754,16.350000381469727,2013-01-14,9.359999656677246,2012-05-25,false,false,249
2013-02-13,14.460000038146973,16.350000381469727,2013-01-14,9.359999656677246,2012-05-25,false,false,249
2013-02-14,14.210000038146973,16.350000381469727,2013-01-14,9.359999656677246,2012-05-25,false,false,249
2013-02-15,14.329999923706055,16.350000381469727,2013-01-14,9.359999656677246,2012-05-25,false,false,249
2013-02-19,14.550000190734863,16.350000381469727,2013-01-14,9.359999656677246,2012-05-25,false,false,249
2013-02-20,14.600000381469727,16.350000381469727,2013-01-14,9.359999656677246,2012-05-25,false,false,249
2013-02-21,14.359999656677246,16.350000381469727,2013-01-14,9.359999656677246,2012-05-25,false,false,249
2013-02-22,14.729999542236328,16.350000381469727,2013-01-14,9.359999656677246,2012-05-25,false,false,249
2013-02-25,14.300000190734863,16.350000381469727,2013-01-14,9.359999656677246,2012-05-25,false,false,249
2013-02-26,14.270000457763672,16.350000381469727,2013-01-14,9.359999656677246,2012-05-25,false,false,249
2013-02-27,15.020000457763672,16.350000381469727,2013-01-14,9.359999656677246,2012-05-25,false,false,249
2013-02-28,14.960000038146973,16.350000381469727,2013-01-14,9.359999656677246,2012-05-25,false,false,249
2013-03-01,14.9399995803833,16.350000381469727,2013-01-14,9.359999656677246,2012-05-25,false,false,249
2013-03-04,14.949999809265137,16.350000381469727,2013-01-14,9.359999656677246,2012-05-25,false,false,249
2013-03-05,15.1899995803833,16.350000381469727,2013-01-14,9.359999656677246,2012-05-25,false,false,249
2013-03-06,15.15999984741211,16.350000381469727,2013-01-14,9.359999656677246,2012-05-25,false,false,249
2013-03-07,15.029999732971191,16.350000381469727,2013-01-14,9.359999656677246,2012-05-25,false,false,249
2013-03-08,14.829999923706055,16.350000381469727,2013-01-14,9.359999656677246,2012-05-25,false,false,249
2013-03-11,14.770000457763672,16.350000381469727,2013-01-14,9.359999656677246,2012-05-25,false,false,249
2013-03-12,14.619999885559082,16.350000381469727,2013-01-14,9.359999656677246,2012-05-25,false,false,249
2013-03-13,14.600000381469727,16.350000381469727,2013-01-14,9.359999656677246,2012-05-25,false,false,249
2013-03-14,14.989999771118164,16.350000381469727,2013-01-14,9.359999656677246,2012-05-25,false,false,249
2013-03-15,14.0600004196167,16.350000381469727,2013-01-14,9.359999656677246,2012-05-25,false,false,249
2013-03-18,14.0600004196167,16.350000381469727,2013-01-14,9.359999656677246,2012-05-25,false,false,249
2013-03-19,13.75,16.350000381469727,2013-01-14,9.359999656677246,2012-05-25,false,false,249
2013-03-20,13.619999885559082,16.350000381469727,2013-01-14,9.359999656677246,2012-05-25,false,false,249
2013-03-21,13.229999542236328,16.350000381469727,2013-01-14,9.359999656677246,2012-05-25,false,false,249
2013-03-22,13.489999771118164,16.350000381469727,2013-01-14,9.359999656677246,2012-05-25,false,false,249
2013-03-25,13.229999542236328,16.350000381469727,2013-01-14,9.359999656677246,2012-05-25,false,false,249
2013-03-26,13.039999961853027,16.350000381469727,2013-01-14,9.359999656677246,2012-05-25,false,false,249
2013-03-27,13.359999656677246,16.350000381469727,2013-01-14,9.359999656677246,2012-05-25,false,false,249
2013-03-28,13.59000015258789,16.350000381469727,2013-01-14,9.359999656677246,2012-05-25,false,false,249
2013-04-01,13.789999961853027,16.350000381469727,2013-01-14,9.359999656677246,2012-05-25,false,false,248
2013-04-02,13.84000015258789,16.350000381469727,2013-01-14,9.359999656677246,2012-05-25,false,false,248
2013-04-03,13.770000457763672,16.350000381469727,2013-01-14,9.359999656677246,2012-05-25,false,false,248
2013-04-04,13.859999656677246,16.350000381469727,2013-01-14,9.359999656677246,2012-05-25,false,false,248
2013-04-05,13.510000228881836,16.350000381469727,2013-01-14,9.359999656677246,2012-05-25,false,false,248
2013-04-08,13.079999923706055,16.350000381469727,2013-01-14,9.359999656677246,2012-05-25,false,false,249
2013-04-09,12.9399995803833,16.350000381469727,2013-01-14,9.359999656677246,2012-05-25,false,false,249
2013-04-10,12.760000228881836,16.350000381469727,2013-01-14,9.359999656677246,2012-05-25,false,false,249
2013-04-11,13.069999694824219,16.350000381469727,2013-01-14,9.359999656677246,2012-05-25,false,false,249
2013-04-12,13.109999656677246,16.350000381469727,2013-01-14,9.359999656677246,2012-05-25,false,false,249
2013-04-15,13.369999885559082,16.350000381469727,2013-01-14,9.359999656677246,2012-05-25,false,false,249
2013-04-16,14.170000076293945,16.350000381469727,2013-01-14,9.359999656677246,2012-05-25,false,false,249
2013-04-17,14.100000381469727,16.350000381469727,2013-01-14,9.359999656677246,2012-05-25,false,false,249
2013-04-18,14.140000343322754,16.350000381469727,2013-01-14,9.359999656677246,2012-05-25,false,false,249
2013-04-19,14.220000267028809,16.350000381469727,2013-01-14,9.359999656677246,2012-05-25,false,false,249
2013-04-22,14.4399995803833,16.350000381469727,2013-01-14,9.359999656677246,2012-05-25,false,false,249
2013-04-23,14.390000343322754,16.350000381469727,2013-01-14,9.359999656677246,2012-05-25,false,false,249
2013-04-24,14.350000381469727,16.350000381469727,2013-01-14,9.359999656677246,2012-05-25,false,false,249
2013-04-25,13.920000076293945,16.350000381469727,2013-01-14,9.359999656677246,2012-05-25,false,false,249
2013-04-26,14.180000305175781,16.350000381469727,2013-01-14,9.359999656677246,2012-05-25,false,false,249
2013-04-29,14.5600004196167,16.350000381469727,2013-01-14,9.359999656677246,2012-05-25,false,false,249
2013-04-30,14.319999694824219,16.350000381469727,2013-01-14,9.359999656677246,2012-05-25,false,false,249
2013-05-01,14.239999771118164,16.350000381469727,2013-01-14,9.359999656677246,2012-05-25,false,false,249
2013-05-02,14.529999732971191,16.350000381469727,2013-01-14,9.359999656677246,2012-05-25,false,false,249
2013-05-03,14.699999809265137,16.350000381469727,2013-01-14,9.359999656677246,2012-05-25,false,false,249
2013-05-06,14.300000190734863,16.350000381469727,2013-01-14,9.359999656677246,2012-05-25,false,false,249
2013-05-07,14.329999923706055,16.350000381469727,2013-01-14,9.359999656677246,2012-05-25,false,false,249
2013-05-08,14.420000076293945,16.350000381469727,2013-01-14,9.359999656677246,2012-05-25,false,false,249
2013-05-09,13.630000114440918,16.350000381469727,2013-01-14,9.359999656677246,2012-05-25,false,false,249
2013-05-10,13.420000076293945,16.350000381469727,2013-01-14,9.359999656677246,2012-05-25,false,false,249
2013-05-13,13.460000038146973,16.350000381469727,2013-01-14,9.359999656677246,2012-05-25,false,false,249
2013-05-14,13.649999618530273,16.350000381469727,2013-01-14,9.359999656677246,2012-05-25,false,false,249
2013-05-15,13.569999694824219,16.350000381469727,2013-01-14,9.359999656677246,2012-05-25,false,false,249
2013-05-16,13.6899995803833,16.350000381469727,2013-01-14,9.359999656677246,2012-05-25,false,false,249
2013-05-17,13.670000076293945,16.350000381469727,2013-01-14,9.359999656677246,2012-05-25,false,false,249
2013-05-20,13.279999732971191,16.350000381469727,2013-01-14,9.359999656677246,2012-05-25,false,false,249
2013-05-21,13.149999618530273,16.350000381469727,2013-01-14,9.359999656677246,2012-05-25,false,false,249
2013-05-22,13.020000457763672,16.350000381469727,2013-01-14,9.359999656677246,2012-05-25,false,false,249
2013-05-23,13.210000038146973,16.350000381469727,2013-01-14,9.359999656677246,2012-05-25,false,false,249
2013-05-24,13.079999923706055,16.350000381469727,2013-01-14,9.359999656677246,2012-05-25,false,false,249
2013-05-28,12.649999618530273,16.350000381469727,2013-01-14,9.359999656677246,2012-05-25,false,false,249
2013-05-29,11.920000076293945,16.350000381469727,2013-01-14,9.399999618530273,2012-05-31,false,false,249
2013-05-30,12.130000114440918,16.350000381469727,2013-01-14,9.399999618530273,2012-05-31,false,false,249
2013-05-31,11.779999732971191,16.350000381469727,2013-01-14,9.399999618530273,2012-05-31,false,false,249
2013-06-03,11.770000457763672,16.350000381469727,2013-01-14,9.770000457763672,2012-06-04,false,false,249
2013-06-04,11.720000267028809,16.350000381469727,2013-01-14,9.770000457763672,2012-06-04,false,false,249
2013-06-05,11.529999732971191,16.350000381469727,2013-01-14,10.069999694824219,2012-06-13,false,false,249
2013-06-06,11.600000381469727,16.350000381469727,2013-01-14,10.069999694824219,2012-06-13,false,false,249
2013-06-07,11.4399995803833,16.350000381469727,2013-01-14,10.069999694824219,2012-06-13,false,false,249
2013-06-10,11.670000076293945,16.350000381469727,2013-01-14,10.069999694824219,2012-06-13,false,false,249
2013-06-11,11.59000015258789,16.350000381469727,2013-01-14,10.069999694824219,2012-06-13,false,false,249
2013-06-12,11.460000038146973,16.350000381469727,2013-01-14,10.069999694824219,2012-06-13,false,false,249
2013-06-13,11.5,16.350000381469727,2013-01-14,10.069999694824219,2012-06-13,false,false,249
2013-06-14,11.779999732971191,16.350000381469727,2013-01-14,10.260000228881836,2012-06-15,false,false,249
2013-06-17,11.6899995803833,16.350000381469727,2013-01-14,10.260000228881836,2012-06-15,false,false,249
2013-06-18,11.859999656677246,16.350000381469727,2013-01-14,10.369999885559082,2012-09-05,false,false,249
2013-06-19,11.569999694824219,16.350000381469727,2013-01-14,10.369999885559082,2012-09-05,false,false,249
2013-06-20,11.010000228881836,16.350000381469727,2013-01-14,10.369999885559082,2012-09-05,false,false,249
2013-06-21,11.119999885559082,16.350000381469727,2013-01-14,10.369999885559082,2012-09-05,false,false,249
2013-06-24,10.90999984741211,16.350000381469727,2013-01-14,10.369999885559082,2012-09-05,false,false,249
2013-06-25,10.699999809265137,16.350000381469727,2013-01-14,10.369999885559082,2012-09-05,false,false,249
2013-06-26,10.8100004196167,16.350000381469727,2013-01-14,10.369999885559082,2012-09-05,false,false,249
2013-06-27,11.109999656677246,16.350000381469727,2013-01-14,10.369999885559082,2012-09-05,false,false,249
2013-06-28,11.3100004196167,16.350000381469727,2013-01-14,10.369999885559082,2012-09-05,false,false,249
2013-07-01,11.479999542236328,16.350000381469727,2013-01-14,10.369999885559082,2012-09-05,false,false,249
2013-07-02,11.569999694824219,16.350000381469727,2013-01-14,10.369999885559082,2012-09-05,false,false,249
2013-07-03,11.449999809265137,16.350000381469727,2013-01-14,10.369999885559082,2012-09-05,false,false,249
2013-07-05,11.890000343322754,16.350000381469727,2013-01-14,10.369999885559082,2012-09-05,false,false,249
2013-07-08,11.760000228881836,16.350000381469727,2013-01-14,10.369999885559082,2012-09-05,false,false,249
2013-07-09,11.619999885559082,16.350000381469727,2013-01-14,10.369999885559082,2012-09-05,false,false,249
2013-07-10,11.800000190734863,16.350000381469727,2013-01-14,10.369999885559082,2012-09-05,false,false,249
2013-07-11,12.180000305175781,16.350000381469727,2013-01-14,10.369999885559082,2012-09-05,false,false,249
2013-07-12,12.25,16.350000381469727,2013-01-14,10.369999885559082,2012-09-05,false,false,249
2013-07-15,12.359999656677246,16.350000381469727,2013-01-14,10.369999885559082,2012-09-05,false,false,249
2013-07-16,12.300000190734863,16.350000381469727,2013-01-14,10.369999885559082,2012-09-05,false,false,249
2013-07-17,12.489999771118164,16.350000381469727,2013-01-14,10.369999885559082,2012-09-05,false,false,249
2013-07-18,12.770000457763672,16.350000381469727,2013-01-14,10.369999885559082,2012-09-05,false,false,249
2013-07-19,12.779999732971191,16.350000381469727,2013-01-14,10.369999885559082,2012-09-05,false,false,249
2013-07-22,12.800000190734863,16.350000381469727,2013-01-14,10.369999885559082,2012-09-05,false,false,249
2013-07-23,12.890000343322754,16.350000381469727,2013-01-14,10.369999885559082,2012-09-05,false,false,249
2013-07-24,12.850000381469727,16.350000381469727,2013-01-14,10.369999885559082,2012-09-05,false,false,249
2013-07-25,12.6899995803833,16.350000381469727,2013-01-14,10.369999885559082,2012-09-05,false,false,249
2013-07-26,12.630000114440918,16.350000381469727,2013-01-14,10.369999885559082,2012-09-05,false,false,249
2013-07-29,12.510000228881836,16.350000381469727,2013-01-14,10.369999885559082,2012-09-05,false,false,249
2013-07-30,12.5,16.350000381469727,2013-01-14,10.369999885559082,2012-09-05,false,false,249
2013-07-31,12.630000114440918,16.350000381469727,2013-01-14,10.369999885559082,2012-09-05,false,false,249
2013-08-01,12.640000343322754,16.350000381469727,2013-01-14,10.369999885559082,2012-09-05,false,false,249
2013-08-02,12.649999618530273,16.350000381469727,2013-01-14,10.369999885559082,2012-09-05,false,false,249
2013-08-05,12.489999771118164,16.350000381469727,2013-01-14,10.369999885559082,2012-09-05,false,false,249
2013-08-06,12.5,16.350000381469727,2013-01-14,10.369999885559082,2012-09-05,false,false,249
2013-08-07,12.369999885559082,16.350000381469727,2013-01-14,10.369999885559082,2012-09-05,false,false,249
2013-08-08,12.970000267028809,16.350000381469727,2013-01-14,10.369999885559082,2012-09-05,false,false,249
2013-08-09,13.020000457763672,16.350000381469727,2013-01-14,10.369999885559082,2012-09-05,false,false,249
2013-08-12,13.260000228881836,16.350000381469727,2013-01-14,10.369999885559082,2012-09-05,false,false,249
2013-08-13,13.3100004196167,16.350000381469727,2013-01-14,10.369999885559082,2012-09-05,false,false,249
2013-08-14,13.239999771118164,16.350000381469727,2013-01-14,10.369999885559082,2012-09-05,false,false,249
2013-08-15,13.260000228881836,16.350000381469727,2013-01-14,10.369999885559082,2012-09-05,false,false,249
2013-08-16,13.229999542236328,16.350000381469727,2013-01-14,10.369999885559082,2012-09-05,false,false,249
2013-08-19,13.220000267028809,16.350000381469727,2013-01-14,10.369999885559082,2012-09-05,false,false,249
2013-08-20,13.279999732971191,16.350000381469727,2013-01-14,10.369999885559082,2012-09-05,false,false,249
2013-08-21,12.850000381469727,16.350000381469727,2013-01-14,10.369999885559082,2012-09-05,false,false,249
2013-08-22,13.079999923706055,16.350000381469727,2013-01-14,10.369999885559082,2012-09-05,false,false,249
2013-08-23,12.869999885559082,16.350000381469727,2013-01-14,10.369999885559082,2012-09-05,false,false,249
2013-08-26,13.050000190734863,16.350000381469727,2013-01-14,10.369999885559082,2012-09-05,false,false,249
2013-08-27,13.119999885559082,16.350000381469727,2013-01-14,10.369999885559082,2012-09-05,false,false,249
2013-08-28,13.34000015258789,16.350000381469727,2013-01-14,10.369999885559082,2012-09-05,false,false,249
2013-08-29,13.710000038146973,16.350000381469727,2013-01-14,10.369999885559082,2012-09-05,false,false,249
2013-08-30,13.720000267028809,16.350000381469727,2013-01-14,10.369999885559082,2012-09-05,false,false,249
2013-09-03,13.479999542236328,16.350000381469727,2013-01-14,10.369999885559082,2012-09-05,false,false,249
2013-09-04,13.569999694824219,16.350000381469727,2013-01-14,10.369999885559082,2012-09-05,false,false,249
2013-09-05,13.630000114440918,16.350000381469727,2013-01-14,10.369999885559082,2012-09-05,false,false,249
2013-09-06,13.850000381469727,16.350000381469727,2013-01-14,10.579999923706055,2012-09-10,false,false,249
2013-09-09,13.930000305175781,16.350000381469727,2013-01-14,10.579999923706055,2012-09-10,false,false,249
2013-09-10,14.100000381469727,16.350000381469727,2013-01-14,10.579999923706055,2012-09-10,false,false,249
2013-09-11,14.180000305175781,16.350000381469727,2013-01-14,10.609999656677246,2012-09-12,false,false,249
2013-09-12,14.140000343322754,16.350000381469727,2013-01-14,10.609999656677246,2012-09-12,false,false,249
2013-09-13,14.180000305175781,16.350000381469727,2013-01-14,10.699999809265137,2013-06-25,false,false,249
2013-09-16,14.050000190734863,16.350000381469727,2013-01-14,10.699999809265137,2013-06-25,false,false,249
2013-09-17,14.130000114440918,16.350000381469727,2013-01-14,10.699999809265137,2013-06-25,false,false,249
2013-09-18,14.59000015258789,16.350000381469727,2013-01-14,10.699999809265137,2013-06-25,false,false,249
2013-09-19,14.479999542236328,16.350000381469727,2013-01-14,10.699999809265137,2013-06-25,false,false,249
2013-09-20,14.239999771118164,16.350000381469727,2013-01-14,10.699999809265137,2013-06-25,false,false,249
2013-09-23,14,16.350000381469727,2013-01-14,10.699999809265137,2013-06-25,false,false,249
2013-09-24,13.90999984741211,16.350000381469727,2013-01-14,10.699999809265137,2013-06-25,false,false,249
2013-09-25,13.699999809265137,16.350000381469727,2013-01-14,10.699999809265137,2013-06-25,false,false,249
2013-09-26,13.8100004196167,16.350000381469727,2013-01-14,10.699999809265137,2013-06-25,false,false,249
2013-09-27,13.899999618530273,16.350000381469727,2013-01-14,10.699999809265137,2013-06-25,false,false,249
2013-09-30,14.039999961853027,16.350000381469727,2013-01-14,10.699999809265137,2013-06-25,false,false,249
2013-10-01,13.869999885559082,16.350000381469727,2013-01-14,10.699999809265137,2013-06-25,false,false,249
2013-10-02,13.649999618530273,16.350000381469727,2013-01-14,10.699999809265137,2013-06-25,false,false,249
2013-10-03,13.619999885559082,16.350000381469727,2013-01-14,10.699999809265137,2013-06-25,false,false,249
2013-10-04,13.640000343322754,16.350000381469727,2013-01-14,10.699999809265137,2013-06-25,false,false,249
2013-10-07,13.680000305175781,16.350000381469727,2013-01-14,10.699999809265137,2013-06-25,false,false,249
2013-10-08,13.489999771118164,16.350000381469727,2013-01-14,10.699999809265137,2013-06-25,false,false,249
2013-10-09,13.5600004196167,16.350000381469727,2013-01-14,10.699999809265137,2013-06-25,false,false,249
2013-10-10,13.649999618530273,16.350000381469727,2013-01-14,10.699999809265137,2013-06-25,false,false,249
2013-10-11,13.779999732971191,16.350000381469727,2013-01-14,10.699999809265137,2013-06-25,false,false,249
2013-10-14,14.010000228881836,16.350000381469727,2013-01-14,10.699999809265137,2013-06-25,false,false,249
2013-10-15,13.800000190734863,16.350000381469727,2013-01-14,10.699999809265137,2013-06-25,false,false,249
2013-10-16,13.9399995803833,16.350000381469727,2013-01-14,10.699999809265137,2013-06-25,false,false,249
2013-10-17,12.970000267028809,16.350000381469727,2013-01-14,10.699999809265137,2013-06-25,false,false,249
2013-10-18,12.770000457763672,16.350000381469727,2013-01-14,10.699999809265137,2013-06-25,false,false,249
2013-10-21,12.850000381469727,16.350000381469727,2013-01-14,10.699999809265137,2013-06-25,false,false,249
2013-10-22,13.069999694824219,16.350000381469727,2013-01-14,10.699999809265137,2013-06-25,false,false,249
2013-10-23,13.229999542236328,16.350000381469727,2013-01-14,10.699999809265137,2013-06-25,false,false,249
2013-10-24,13.15999984741211,16.350000381469727,2013-01-14,10.699999809265137,2013-06-25,false,false,249
2013-10-25,13.15999984741211,16.350000381469727,2013-01-14,10.699999809265137,2013-06-25,false,false,249
2013-10-28,13.09000015258789,16.350000381469727,2013-01-14,10.699999809265137,2013-06-25,false,false,249
2013-10-29,13.260000228881836,16.350000381469727,2013-01-14,10.699999809265137,2013-06-25,false,false,250
2013-10-30,13.15999984741211,16.350000381469727,2013-01-14,10.699999809265137,2013-06-25,false,false,251
2013-10-31,13.239999771118164,16.350000381469727,2013-01-14,10.699999809265137,2013-06-25,false,false,251
2013-11-01,13.270000457763672,16.350000381469727,2013-01-14,10.699999809265137,2013-06-25,false,false,251
2013-11-04,13.180000305175781,16.350000381469727,2013-01-14,10.699999809265137,2013-06-25,false,false,251
2013-11-05,13.34000015258789,16.350000381469727,2013-01-14,10.699999809265137,2013-06-25,false,false,251
2013-11-06,13.369999885559082,16.350000381469727,2013-01-14,10.699999809265137,2013-06-25,false,false,251
2013-11-07,13.550000190734863,16.350000381469727,2013-01-14,10.699999809265137,2013-06-25,false,false,251
2013-11-08,13.600000381469727,16.350000381469727,2013-01-14,10.699999809265137,2013-06-25,false,false,251
2013-11-11,13.420000076293945,16.350000381469727,2013-01-14,10.699999809265137,2013-06-25,false,false,251
2013-11-12,13.710000038146973,16.350000381469727,2013-01-14,10.699999809265137,2013-06-25,false,false,251
2013-11-13,13.920000076293945,16.350000381469727,2013-01-14,10.699999809265137,2013-06-25,false,false,251
2013-11-14,14.09000015258789,16.350000381469727,2013-01-14,10.699999809265137,2013-06-25,false,false,251
2013-11-15,13.979999542236328,16.350000381469727,2013-01-14,10.699999809265137,2013-06-25,false,false,251
2013-11-18,14.109999656677246,16.350000381469727,2013-01-14,10.699999809265137,2013-06-25,false,false,251
2013-11-19,14.960000038146973,16.350000381469727,2013-01-14,10.699999809265137,2013-06-25,false,false,251
2013-11-20,15,16.350000381469727,2013-01-14,10.699999809265137,2013-06-25,false,false,251
2013-11-21,15.220000267028809,16.350000381469727,2013-01-14,10.699999809265137,2013-06-25,false,false,251
2013-11-22,15.649999618530273,16.350000381469727,2013-01-14,10.699999809265137,2013-06-25,false,false,252
2013-11-25,15.630000114440918,16.350000381469727,2013-01-14,10.699999809265137,2013-06-25,false,false,252
2013-11-26,15.489999771118164,16.350000381469727,2013-01-14,10.699999809265137,2013-06-25,false,false,252
2013-11-27,15.680000305175781,16.350000381469727,2013-01-14,10.699999809265137,2013-06-25,false,false,252
2013-11-29,15.220000267028809,16.350000381469727,2013-01-14,10.699999809265137,2013-06-25,false,false,251
2013-12-02,15.180000305175781,16.350000381469727,2013-01-14,10.699999809265137,2013-06-25,false,false,251
2013-12-03,15.029999732971191,16.350000381469727,2013-01-14,10.699999809265137,2013-06-25,false,false,251
2013-12-04,15.039999961853027,16.350000381469727,2013-01-14,10.699999809265137,2013-06-25,false,false,251
2013-12-05,14.630000114440918,16.350000381469727,2013-01-14,10.699999809265137,2013-06-25,false,false,251
2013-12-06,14.869999885559082,16.350000381469727,2013-01-14,10.699999809265137,2013-06-25,false,false,251
2013-12-09,15.449999809265137,16.350000381469727,2013-01-14,10.699999809265137,2013-06-25,false,false,251
2013-12-10,15.34000015258789,16.350000381469727,2013-01-14,10.699999809265137,2013-06-25,false,false,251
2013-12-11,15.130000114440918,16.350000381469727,2013-01-14,10.699999809265137,2013-06-25,false,false,251
2013-12-12,15.119999885559082,16.350000381469727,2013-01-14,10.699999809265137,2013-06-25,false,false,251
2013-12-13,15.279999732971191,16.350000381469727,2013-01-14,10.699999809265137,2013-06-25,false,false,251
2013-12-16,15.619999885559082,16.350000381469727,2013-01-14,10.699999809265137,2013-06-25,false,false,251
2013-12-17,15.470000267028809,16.350000381469727,2013-01-14,10.699999809265137,2013-06-25,false,false,251
2013-12-18,15.729999542236328,16.350000381469727,2013-01-14,10.699999809265137,2013-06-25,false,false,251
2013-12-19,15.520000457763672,16.350000381469727,2013-01-14,10.699999809265137,2013-06-25,false,false,251
2013-12-20,15.800000190734863,16.350000381469727,2013-01-14,10.699999809265137,2013-06-25,false,false,251
2013-12-23,16.09000015258789,16.350000381469727,2013-01-14,10.699999809265137,2013-06-25,false,false,251
2013-12-24,16.149999618530273,16.350000381469727,2013-01-14,10.699999809265137,2013-06-25,false,false,251
2013-12-26,15.970000267028809,16.350000381469727,2013-01-14,10.699999809265137,2013-06-25,false,false,251
2013-12-27,16.40999984741211,16.40999984741211,2013-12-27,10.699999809265137,2013-06-25,true,false,251
2013-12-30,16.440000534057617,16.440000534057617,2013-12-30,10.699999809265137,2013-06-25,true,false,251
2013-12-31,16.610000610351562,16.610000610351562,2013-12-31,10.699999809265137,2013-06-25,true,false,251
2014-01-02,16.43000030517578,16.610000610351562,2013-12-31,10.699999809265137,2013-06-25,false,false,251
2014-01-03,16.280000686645508,16.610000610351562,2013-12-31,10.699999809265137,2013-06-25,false,false,251
2014-01-06,16.559999465942383,16.610000610351562,2013-12-31,10.699999809265137,2013-06-25,false,false,251
2014-01-07,16.729999542236328,16.729999542236328,2014-01-07,10.699999809265137,2013-06-25,true,false,251
2014-01-08,16.5,16.729999542236328,2014-01-07,10.699999809265137,2013-06-25,false,false,251
2014-01-09,17.010000228881836,17.010000228881836,2014-01-09,10.699999809265137,2013-06-25,true,false,251
2014-01-10,17.299999237060547,17.299999237060547,2014-01-10,10.699999809265137,2013-06-25,true,false,251
2014-01-13,16.860000610351562,17.299999237060547,2014-01-10,10.699999809265137,2013-06-25,false,false,251
2014-01-14,16.770000457763672,17.299999237060547,2014-01-10,10.699999809265137,2013-06-25,false,false,251
2014-01-15,16.56999969482422,17.299999237060547,2014-01-10,10.699999809265137,2013-06-25,false,false,251
2014-01-16,16.719999313354492,17.299999237060547,2014-01-10,10.699999809265137,2013-06-25,false,false,251
2014-01-17,16.43000030517578,17.299999237060547,2014-01-10,10.699999809265137,2013-06-25,false,false,251
2014-01-21,15.90999984741211,17.299999237060547,2014-01-10,10.699999809265137,2013-06-25,false,false,251
2014-01-22,16.389999389648438,17.299999237060547,2014-01-10,10.699999809265137,2013-06-25,false,false,251
2014-01-23,15.899999618530273,17.299999237060547,2014-01-10,10.699999809265137,2013-06-25,false,false,251
2014-01-24,15.569999694824219,17.299999237060547,2014-01-10,10.699999809265137,2013-06-25,false,false,251
2014-01-27,15.510000228881836,17.299999237060547,2014-01-10,10.699999809265137,2013-06-25,false,false,251
2014-01-28,15.800000190734863,17.299999237060547,2014-01-10,10.699999809265137,2013-06-25,false,false,251
2014-01-29,16.280000686645508,17.299999237060547,2014-01-10,10.699999809265137,2013-06-25,false,false,251
2014-01-30,16.309999465942383,17.299999237060547,2014-01-10,10.699999809265137,2013-06-25,false,false,251
2014-01-31,16.309999465942383,17.299999237060547,2014-01-10,10.699999809265137,2013-06-25,false,false,251
2014-02-03,16.25,17.299999237060547,2014-01-10,10.699999809265137,2013-06-25,false,false,251
2014-02-04,16.329999923706055,17.299999237060547,2014-01-10,10.699999809265137,2013-06-25,false,false,251
2014-02-05,16.079999923706055,17.299999237060547,2014-01-10,10.699999809265137,2013-06-25,false,false,251
2014-02-06,16.389999389648438,17.299999237060547,2014-01-10,10.699999809265137,2013-06-25,false,false,251
2014-02-07,17.09000015258789,17.299999237060547,2014-01-10,10.699999809265137,2013-06-25,false,false,251
2014-02-10,17.209999084472656,17.299999237060547,2014-01-10,10.699999809265137,2013-06-25,false,false,251
2014-02-11,17.200000762939453,17.299999237060547,2014-01-10,10.699999809265137,2013-06-25,false,false,251
2014-02-12,17.15999984741211,17.299999237060547,2014-01-10,10.699999809265137,2013-06-25,false,false,251
2014-02-13,17.079999923706055,17.299999237060547,2014-01-10,10.699999809265137,2013-06-25,false,false,251
2014-02-14,17.6299991607666,17.6299991607666,2014-02-14,10.699999809265137,2013-06-25,true,false,251
2014-02-18,17.530000686645508,17.6299991607666,2014-02-14,10.699999809265137,2013-06-25,false,false,251
2014-02-19,17.530000686645508,17.6299991607666,2014-02-14,10.699999809265137,2013-06-25,false,false,251
2014-02-20,17.489999771118164,17.6299991607666,2014-02-14,10.699999809265137,2013-06-25,false,false,251
2014-02-21,17.290000915527344,17.6299991607666,2014-02-14,10.699999809265137,2013-06-25,false,false,251
2014-02-24,17.100000381469727,17.6299991607666,2014-02-14,10.699999809265137,2013-06-25,false,false,251
2014-02-25,17.18000030517578,17.6299991607666,2014-02-14,10.699999809265137,2013-06-25,false,false,251
2014-02-26,17.399999618530273,17.6299991607666,2014-02-14,10.699999809265137,2013-06-25,false,false,251
2014-02-27,17.6200008392334,17.6299991607666,2014-02-14,10.699999809265137,2013-06-25,false,false,251
2014-02-28,17.309999465942383,17.6299991607666,2014-02-14,10.699999809265137,2013-06-25,false,false,251
2014-03-03,17.43000030517578,17.6299991607666,2014-02-14,10.699999809265137,2013-06-25,false,false,251
2014-03-04,17.75,17.75,2014-03-04,10.699999809265137,2013-06-25,true,false,251
2014-03-05,17.469999313354492,17.75,2014-03-04,10.699999809265137,2013-06-25,false,false,251
2014-03-06,17.579999923706055,17.75,2014-03-04,10.699999809265137,2013-06-25,false,false,251
2014-03-07,17.450000762939453,17.75,2014-03-04,10.699999809265137,2013-06-25,false,false,251
2014-03-10,17.079999923706055,17.75,2014-03-04,10.699999809265137,2013-06-25,false,false,251
2014-03-11,16.969999313354492,17.75,2014-03-04,10.699999809265137,2013-06-25,false,false,251
2014-03-12,17.049999237060547,17.75,2014-03-04,10.699999809265137,2013-06-25,false,false,251
2014-03-13,16.809999465942383,17.75,2014-03-04,10.699999809265137,2013-06-25,false,false,251
2014-03-14,17.209999084472656,17.75,2014-03-04,10.699999809265137,2013-06-25,false,false,251
2014-03-17,17.350000381469727,17.75,2014-03-04,10.699999809265137,2013-06-25,false,false,251
2014-03-18,17.6200008392334,17.75,2014-03-04,10.699999809265137,2013-06-25,false,false,251
2014-03-19,17.610000610351562,17.75,2014-03-04,10.699999809265137,2013-06-25,false,false,251
2014-03-20,17.530000686645508,17.75,2014-03-04,10.699999809265137,2013-06-25,false,false,251
2014-03-21,17.469999313354492,17.75,2014-03-04,10.699999809265137,2013-06-25,false,false,251
2014-03-24,17.360000610351562,17.75,2014-03-04,10.699999809265137,2013-06-25,false,false,251
2014-03-25,17.6299991607666,17.75,2014-03-04,10.699999809265137,2013-06-25,false,false,251
2014-03-26,17.469999313354492,17.75,2014-03-04,10.699999809265137,2013-06-25,false,false,251
2014-03-27,17.6200008392334,17.75,2014-03-04,10.699999809265137,2013-06-25,false,false,251
2014-03-28,17.450000762939453,17.75,2014-03-04,10.699999809265137,2013-06-25,false,false,251
2014-03-31,17.170000076293945,17.75,2014-03-04,10.699999809265137,2013-06-25,false,false,252
2014-04-01,17.700000762939453,17.75,2014-03-04,10.699999809265137,2013-06-25,false,false,252
2014-04-02,17.84000015258789,17.84000015258789,2014-04-02,10.699999809265137,2013-06-25,true,false,252
2014-04-03,17.93000030517578,17.93000030517578,2014-04-03,10.699999809265137,2013-06-25,true,false,252
2014-04-04,17.65999984741211,17.93000030517578,2014-04-03,10.699999809265137,2013-06-25,false,false,252
2014-04-07,17.739999771118164,17.93000030517578,2014-04-03,10.699999809265137,2013-06-25,false,false,252
2014-04-08,17.950000762939453,17.950000762939453,2014-04-08,10.699999809265137,2013-06-25,true,false,252
2014-04-09,18.829999923706055,18.829999923706055,2014-04-09,10.699999809265137,2013-06-25,true,false,252
2014-04-10,18.670000076293945,18.829999923706055,2014-04-09,10.699999809265137,2013-06-25,false,false,252
2014-04-11,19.06999969482422,19.06999969482422,2014-04-11,10.699999809265137,2013-06-25,true,false,252
2014-04-14,18.940000534057617,19.06999969482422,2014-04-11,10.699999809265137,2013-06-25,false,false,252
2014-04-15,18.93000030517578,19.06999969482422,2014-04-11,10.699999809265137,2013-06-25,false,false,252
2014-04-16,18.959999084472656,19.06999969482422,2014-04-11,10.699999809265137,2013-06-25,false,false,252
2014-04-17,18.90999984741211,19.06999969482422,2014-04-11,10.699999809265137,2013-06-25,false,false,252
2014-04-21,18.889999389648438,19.06999969482422,2014-04-11,10.699999809265137,2013-06-25,false,false,251
2014-04-22,19.25,19.25,2014-04-22,10.699999809265137,2013-06-25,true,false,251
2014-04-23,19.1299991607666,19.25,2014-04-22,10.699999809265137,2013-06-25,false,false,251
2014-04-24,19.479999542236328,19.479999542236328,2014-04-24,10.699999809265137,2013-06-25,true,false,251
2014-04-25,18.809999465942383,19.479999542236328,2014-04-24,10.699999809265137,2013-06-25,false,false,251
2014-04-28,19.020000457763672,19.479999542236328,2014-04-24,10.699999809265137,2013-06-25,false,false,251
2014-04-29,19.299999237060547,19.479999542236328,2014-04-24,10.699999809265137,2013-06-25,false,false,251
2014-04-30,19.139999389648438,19.479999542236328,2014-04-24,10.699999809265137,2013-06-25,false,false,251
2014-05-01,19.270000457763672,19.479999542236328,2014-04-24,10.699999809265137,2013-06-25,false,false,251
2014-05-02,19.649999618530273,19.649999618530273,2014-05-02,10.699999809265137,2013-06-25,true,false,251
2014-05-05,19.649999618530273,19.649999618530273,2014-05-05,10.699999809265137,2013-06-25,true,false,251
2014-05-06,19.809999465942383,19.809999465942383,2014-05-06,10.699999809265137,2013-06-25,true,false,251
2014-05-07,20.1299991607666,20.1299991607666,2014-05-07,10.699999809265137,2013-06-25,true,false,251
2014-05-08,20.399999618530273,20.399999618530273,2014-05-08,10.699999809265137,2013-06-25,true,false,251
2014-05-09,20.270000457763672,20.399999618530273,2014-05-08,10.699999809265137,2013-06-25,false,false,251
2014-05-12,20.079999923706055,20.399999618530273,2014-05-08,10.699999809265137,2013-06-25,false,false,251
2014-05-13,20,20.399999618530273,2014-05-08,10.699999809265137,2013-06-25,false,false,251
2014-05-14,20.270000457763672,20.399999618530273,2014-05-08,10.699999809265137,2013-06-25,false,false,251
2014-05-15,20.290000915527344,20.399999618530273,2014-05-08,10.699999809265137,2013-06-25,false,false,251
2014-05-16,20.559999465942383,20.559999465942383,2014-05-16,10.699999809265137,2013-06-25,true,false,251
2014-05-19,20.350000381469727,20.559999465942383,2014-05-16,10.699999809265137,2013-06-25,false,false,251
2014-05-20,20.219999313354492,20.559999465942383,2014-05-16,10.699999809265137,2013-06-25,false,false,251
2014-05-21,20.299999237060547,20.559999465942383,2014-05-16,10.699999809265137,2013-06-25,false,false,251
2014-05-22,20.15999984741211,20.559999465942383,2014-05-16,10.699999809265137,2013-06-25,false,false,251
2014-05-23,20.170000076293945,20.559999465942383,2014-05-16,10.699999809265137,2013-06-25,false,false,251
2014-05-27,19.43000030517578,20.559999465942383,2014-05-16,10.699999809265137,2013-06-25,false,false,251
2014-05-28,19.84000015258789,20.559999465942383,2014-05-16,10.699999809265137,2013-06-25,false,false,251
2014-05-29,19.270000457763672,20.559999465942383,2014-05-16,10.699999809265137,2013-06-25,false,false,251
2014-05-30,19.239999771118164,20.559999465942383,2014-05-16,10.699999809265137,2013-06-25,false,false,251
2014-06-02,19.329999923706055,20.559999465942383,2014-05-16,10.699999809265137,2013-06-25,false,false,251
2014-06-03,19.489999771118164,20.559999465942383,2014-05-16,10.699999809265137,2013-06-25,false,false,251
2014-06-04,19.420000076293945,20.559999465942383,2014-05-16,10.699999809265137,2013-06-25,false,false,251
2014-06-05,19.6200008392334,20.559999465942383,2014-05-16,10.699999809265137,2013-06-25,false,false,251
2014-06-06,19.649999618530273,20.559999465942383,2014-05-16,10.699999809265137,2013-06-25,false,false,251
2014-06-09,19.309999465942383,20.559999465942383,2014-05-16,10.699999809265137,2013-06-25,false,false,251
2014-06-10,18.989999771118164,20.559999465942383,2014-05-16,10.699999809265137,2013-06-25,false,false,251
2014-06-11,18.899999618530273,20.559999465942383,2014-05-16,10.699999809265137,2013-06-25,false,false,251
2014-06-12,19.09000015258789,20.559999465942383,2014-05-16,10.699999809265137,2013-06-25,false,false,251
2014-06-13,18.459999084472656,20.559999465942383,2014-05-16,10.699999809265137,2013-06-25,false,false,251
2014-06-16,18.270000457763672,20.559999465942383,2014-05-16,10.699999809265137,2013-06-25,false,false,251
2014-06-17,18.329999923706055,20.559999465942383,2014-05-16,10.699999809265137,2013-06-25,false,false,251
2014-06-18,18.969999313354492,20.559999465942383,2014-05-16,10.699999809265137,2013-06-25,false,false,251
2014-06-19,19.219999313354492,20.559999465942383,2014-05-16,10.699999809265137,2013-06-25,false,false,251
2014-06-20,19.049999237060547,20.559999465942383,2014-05-16,10.699999809265137,2013-06-25,false,false,251
2014-06-23,18.850000381469727,20.559999465942383,2014-05-16,10.699999809265137,2013-06-25,false,false,251
2014-06-24,19.510000228881836,20.559999465942383,2014-05-16,10.699999809265137,2013-06-25,false,false,251
2014-06-25,19.290000915527344,20.559999465942383,2014-05-16,10.699999809265137,2013-06-25,false,false,251
2014-06-26,18.1200008392334,20.559999465942383,2014-05-16,11.109999656677246,2013-06-27,false,false,251
2014-06-27,18.530000686645508,20.559999465942383,2014-05-16,11.109999656677246,2013-06-27,false,false,251
2014-06-30,18.399999618530273,20.559999465942383,2014-05-16,11.449999809265137,2013-07-03,false,false,251
2014-07-01,18.729999542236328,20.559999465942383,2014-05-16,11.449999809265137,2013-07-03,false,false,251
2014-07-02,18.639999389648438,20.559999465942383,2014-05-16,11.449999809265137,2013-07-03,false,false,251
2014-07-03,18.799999237060547,20.559999465942383,2014-05-16,11.449999809265137,2013-07-03,false,false,251
2014-07-07,18.459999084472656,20.559999465942383,2014-05-16,11.619999885559082,2013-07-09,false,false,251
2014-07-08,18.329999923706055,20.559999465942383,2014-05-16,11.619999885559082,2013-07-09,false,false,251
2014-07-09,18.360000610351562,20.559999465942383,2014-05-16,11.619999885559082,2013-07-09,false,false,251
2014-07-10,18.8799991607666,20.559999465942383,2014-05-16,12.180000305175781,2013-07-11,false,false,251
2014-07-11,18.68000030517578,20.559999465942383,2014-05-16,12.180000305175781,2013-07-11,false,false,251
2014-07-14,18.670000076293945,20.559999465942383,2014-05-16,12.300000190734863,2013-07-16,false,false,251
2014-07-15,18.530000686645508,20.559999465942383,2014-05-16,12.300000190734863,2013-07-16,false,false,251
2014-07-16,18.459999084472656,20.559999465942383,2014-05-16,12.300000190734863,2013-07-16,false,false,251
2014-07-17,18.170000076293945,20.559999465942383,2014-05-16,12.369999885559082,2013-08-07,false,false,251
2014-07-18,18.360000610351562,20.559999465942383,2014-05-16,12.369999885559082,2013-08-07,false,false,251
2014-07-21,18.90999984741211,20.559999465942383,2014-05-16,12.369999885559082,2013-08-07,false,false,251
2014-07-22,19.020000457763672,20.559999465942383,2014-05-16,12.369999885559082,2013-08-07,false,false,251
2014-07-23,19.09000015258789,20.559999465942383,2014-05-16,12.369999885559082,2013-08-07,false,false,251
2014-07-24,18.799999237060547,20.559999465942383,2014-05-16,12.369999885559082,2013-08-07,false,false,251
2014-07-25,18.600000381469727,20.559999465942383,2014-05-16,12.369999885559082,2013-08-07,false,false,251
2014-07-28,19.920000076293945,20.559999465942383,2014-05-16,12.369999885559082,2013-08-07,false,false,251
2014-07-29,19.950000762939453,20.559999465942383,2014-05-16,12.369999885559082,2013-08-07,false,false,251
2014-07-30,20.530000686645508,20.559999465942383,2014-05-16,12.369999885559082,2013-08-07,false,false,251
2014-07-31,20.270000457763672,20.559999465942383,2014-05-16,12.369999885559082,2013-08-07,false,false,251
2014-08-01,20.889999389648438,20.889999389648438,2014-08-01,12.369999885559082,2013-08-07,true,false,251
2014-08-04,20.639999389648438,20.889999389648438,2014-08-01,12.369999885559082,2013-08-07,false,false,251
2014-08-05,20.639999389648438,20.889999389648438,2014-08-01,12.369999885559082,2013-08-07,false,false,251
2014-08-06,21.09000015258789,21.09000015258789,2014-08-06,12.369999885559082,2013-08-07,true,false,251
2014-08-07,21.1200008392334,21.1200008392334,2014-08-07,12.369999885559082,2013-08-07,true,false,251
2014-08-08,21.360000610351562,21.360000610351562,2014-08-08,12.770000457763672,2013-10-18,true,false,251
2014-08-11,21,21.360000610351562,2014-08-08,12.770000457763672,2013-10-18,false,false,251
2014-08-12,21.079999923706055,21.360000610351562,2014-08-08,12.770000457763672,2013-10-18,false,false,251
2014-08-13,21.06999969482422,21.360000610351562,2014-08-08,12.770000457763672,2013-10-18,false,false,251
2014-08-14,21.200000762939453,21.360000610351562,2014-08-08,12.770000457763672,2013-10-18,false,false,251
2014-08-15,21.010000228881836,21.360000610351562,2014-08-08,12.770000457763672,2013-10-18,false,false,251
2014-08-18,21.149999618530273,21.360000610351562,2014-08-08,12.770000457763672,2013-10-18,false,false,251
2014-08-19,21.5,21.5,2014-08-19,12.770000457763672,2013-10-18,true,false,251
2014-08-20,20.81999969482422,21.5,2014-08-19,12.770000457763672,2013-10-18,false,false,251
2014-08-21,19.940000534057617,21.5,2014-08-19,12.770000457763672,2013-10-18,false,false,251
2014-08-22,20.530000686645508,21.5,2014-08-19,12.770000457763672,2013-10-18,false,false,251
2014-08-25,20.420000076293945,21.5,2014-08-19,12.770000457763672,2013-10-18,false,false,251
2014-08-26,20.520000457763672,21.5,2014-08-19,12.770000457763672,2013-10-18,false,false,251
2014-08-27,20.610000610351562,21.5,2014-08-19,12.770000457763672,2013-10-18,false,false,251
2014-08-28,20.709999084472656,21.5,2014-08-19,12.770000457763672,2013-10-18,false,false,251
2014-08-29,20.8799991607666,21.5,2014-08-19,12.770000457763672,2013-10-18,false,false,251
2014-09-02,20.649999618530273,21.5,2014-08-19,12.770000457763672,2013-10-18,false,false,251
2014-09-03,21.170000076293945,21.5,2014-08-19,12.770000457763672,2013-10-18,false,false,251
2014-09-04,21.149999618530273,21.5,2014-08-19,12.770000457763672,2013-10-18,false,false,251
2014-09-05,20.780000686645508,21.5,2014-08-19,12.770000457763672,2013-10-18,false,false,251
2014-09-08,20.540000915527344,21.5,2014-08-19,12.770000457763672,2013-10-18,false,false,251
2014-09-09,20.31999969482422,21.5,2014-08-19,12.770000457763672,2013-10-18,false,false,251
2014-09-10,20.399999618530273,21.5,2014-08-19,12.770000457763672,2013-10-18,false,false,251
2014-09-11,20.639999389648438,21.5,2014-08-19,12.770000457763672,2013-10-18,false,false,251
2014-09-12,20.920000076293945,21.5,2014-08-19,12.770000457763672,2013-10-18,false,false,251
2014-09-15,20.899999618530273,21.5,2014-08-19,12.770000457763672,2013-10-18,false,false,251
2014-09-16,20.899999618530273,21.5,2014-08-19,12.770000457763672,2013-10-18,false,false,251
2014-09-17,21.020000457763672,21.5,2014-08-19,12.770000457763672,2013-10-18,false,false,251
2014-09-18,22.06999969482422,22.06999969482422,2014-09-18,12.770000457763672,2013-10-18,true,false,251
2014-09-19,21.56999969482422,22.06999969482422,2014-09-18,12.770000457763672,2013-10-18,false,false,251
2014-09-22,21.559999465942383,22.06999969482422,2014-09-18,12.770000457763672,2013-10-18,false,false,251
2014-09-23,21.510000228881836,22.06999969482422,2014-09-18,12.770000457763672,2013-10-18,false,false,251
2014-09-24,22.440000534057617,22.440000534057617,2014-09-24,12.770000457763672,2013-10-18,true,false,251
2014-09-25,22.34000015258789,22.440000534057617,2014-09-24,12.770000457763672,2013-10-18,false,false,251
2014-09-26,22.15999984741211,22.440000534057617,2014-09-24,12.770000457763672,2013-10-18,false,false,251
2014-09-29,22.1200008392334,22.440000534057617,2014-09-24,12.770000457763672,2013-10-18,false,false,251
2014-09-30,22.440000534057617,22.440000534057617,2014-09-30,12.770000457763672,2013-10-18,true,false,251
2014-10-01,22.489999771118164,22.489999771118164,2014-10-01,12.770000457763672,2013-10-18,true,false,251
2014-10-02,22.440000534057617,22.489999771118164,2014-10-01,12.770000457763672,2013-10-18,false,false,251
2014-10-03,22.469999313354492,22.489999771118164,2014-10-01,12.770000457763672,2013-10-18,false,false,251
2014-10-06,21.989999771118164,22.489999771118164,2014-10-01,12.770000457763672,2013-10-18,false,false,251
2014-10-07,22.299999237060547,22.489999771118164,2014-10-01,12.770000457763672,2013-10-18,false,false,251
2014-10-08,22.59000015258789,22.59000015258789,2014-10-08,12.770000457763672,2013-10-18,true,false,251
2014-10-09,22.389999389648438,22.59000015258789,2014-10-08,12.770000457763672,2013-10-18,false,false,251
2014-10-10,22.469999313354492,22.59000015258789,2014-10-08,12.770000457763672,2013-10-18,false,false,251
2014-10-13,22.719999313354492,22.719999313354492,2014-10-13,12.770000457763672,2013-10-18,true,false,251
2014-10-14,21.969999313354492,22.719999313354492,2014-10-13,12.770000457763672,2013-10-18,false,false,251
2014-10-15,21.690000534057617,22.719999313354492,2014-10-13,12.770000457763672,2013-10-18,false,false,251
2014-10-16,22.3799991607666,22.719999313354492,2014-10-13,12.770000457763672,2013-10-18,false,false,251
2014-10-17,22.1200008392334,22.719999313354492,2014-10-13,12.770000457763672,2013-10-18,false,false,251
2014-10-20,22.559999465942383,22.719999313354492,2014-10-13,12.770000457763672,2013-10-18,false,false,251
2014-10-21,22.8700008392334,22.8700008392334,2014-10-21,13.069999694824219,2013-10-22,true,false,251
2014-10-22,22.790000915527344,22.8700008392334,2014-10-21,13.069999694824219,2013-10-22,false,false,251
2014-10-23,21.59000015258789,22.8700008392334,2014-10-21,13.09000015258789,2013-10-28,false,false,251
2014-10-24,22.079999923706055,22.8700008392334,2014-10-21,13.09000015258789,2013-10-28,false,false,251
2014-10-27,21.90999984741211,22.8700008392334,2014-10-21,13.09000015258789,2013-10-28,false,false,251
2014-10-28,22.149999618530273,22.8700008392334,2014-10-21,13.09000015258789,2013-10-28,false,false,251
2014-10-29,21.959999084472656,22.8700008392334,2014-10-21,13.15999984741211,2013-10-30,false,false,251
2014-10-30,22.010000228881836,22.8700008392334,2014-10-21,13.15999984741211,2013-10-30,false,false,251
2014-10-31,21.860000610351562,22.8700008392334,2014-10-21,13.180000305175781,2013-11-04,false,false,251
2014-11-03,21.6299991607666,22.8700008392334,2014-10-21,13.180000305175781,2013-11-04,false,false,251
2014-11-04,22,22.8700008392334,2014-10-21,13.180000305175781,2013-11-04,false,false,251
2014-11-05,22.040000915527344,22.8700008392334,2014-10-21,13.369999885559082,2013-11-06,false,false,251
2014-11-06,21.56999969482422,22.8700008392334,2014-10-21,13.369999885559082,2013-11-06,false,false,251
2014-11-07,21.59000015258789,22.8700008392334,2014-10-21,13.420000076293945,2013-11-11,false,false,251
2014-11-10,21.34000015258789,22.8700008392334,2014-10-21,13.420000076293945,2013-11-11,false,false,251
2014-11-11,21.670000076293945,22.8700008392334,2014-10-21,13.420000076293945,2013-11-11,false,false,251
2014-11-12,20.149999618530273,22.8700008392334,2014-10-21,13.920000076293945,2013-11-13,false,false,251
2014-11-13,20.459999084472656,22.8700008392334,2014-10-21,13.920000076293945,2013-11-13,false,false,251
2014-11-14,20.559999465942383,22.8700008392334,2014-10-21,13.979999542236328,2013-11-15,false,false,251
2014-11-17,20.34000015258789,22.8700008392334,2014-10-21,13.979999542236328,2013-11-15,false,false,251
2014-11-18,20.200000762939453,22.8700008392334,2014-10-21,14.630000114440918,2013-12-05,false,false,251
2014-11-19,20.469999313354492,22.8700008392334,2014-10-21,14.630000114440918,2013-12-05,false,false,251
2014-11-20,20.399999618530273,22.8700008392334,2014-10-21,14.630000114440918,2013-12-05,false,false,251
2014-11-21,20.90999984741211,22.8700008392334,2014-10-21,14.630000114440918,2013-12-05,false,false,251
2014-11-24,19.850000381469727,22.8700008392334,2014-10-21,14.630000114440918,2013-12-05,false,false,251
2014-11-25,20.25,22.8700008392334,2014-10-21,14.630000114440918,2013-12-05,false,false,251
2014-11-26,20.280000686645508,22.8700008392334,2014-10-21,14.630000114440918,2013-12-05,false,false,251
2014-11-28,20.729999542236328,22.8700008392334,2014-10-21,14.630000114440918,2013-12-05,false,false,251
2014-12-01,20.959999084472656,22.8700008392334,2014-10-21,14.630000114440918,2013-12-05,false,false,251
2014-12-02,20.8700008392334,22.8700008392334,2014-10-21,14.630000114440918,2013-12-05,false,false,251
2014-12-03,21.100000381469727,22.8700008392334,2014-10-21,14.630000114440918,2013-12-05,false,false,251
2014-12-04,21.260000228881836,22.8700008392334,2014-10-21,14.630000114440918,2013-12-05,false,false,251
2014-12-05,20.93000030517578,22.8700008392334,2014-10-21,14.630000114440918,2013-12-05,false,false,251
2014-12-08,20.670000076293945,22.8700008392334,2014-10-21,15.119999885559082,2013-12-12,false,false,251
2014-12-09,21.020000457763672,22.8700008392334,2014-10-21,15.119999885559082,2013-12-12,false,false,251
2014-12-10,21.360000610351562,22.8700008392334,2014-10-21,15.119999885559082,2013-12-12,false,false,251
2014-12-11,20.8700008392334,22.8700008392334,2014-10-21,15.119999885559082,2013-12-12,false,false,251
2014-12-12,20.950000762939453,22.8700008392334,2014-10-21,15.119999885559082,2013-12-12,false,false,251
2014-12-15,19.530000686645508,22.8700008392334,2014-10-21,15.470000267028809,2013-12-17,false,false,251
2014-12-16,18.899999618530273,22.8700008392334,2014-10-21,15.470000267028809,2013-12-17,false,false,251
2014-12-17,18.950000762939453,22.8700008392334,2014-10-21,15.470000267028809,2013-12-17,false,false,251
2014-12-18,18.969999313354492,22.8700008392334,2014-10-21,15.510000228881836,2014-01-27,false,false,251
2014-12-19,19.649999618530273,22.8700008392334,2014-10-21,15.510000228881836,2014-01-27,false,false,251
2014-12-22,20.18000030517578,22.8700008392334,2014-10-21,15.510000228881836,2014-01-27,false,false,251
2014-12-23,19.729999542236328,22.8700008392334,2014-10-21,15.510000228881836,2014-01-27,false,false,251
2014-12-24,19.780000686645508,22.8700008392334,2014-10-21,15.510000228881836,2014-01-27,false,false,251
2014-12-26,19.59000015258789,22.8700008392334,2014-10-21,15.510000228881836,2014-01-27,false,false,251
2014-12-29,19.75,22.8700008392334,2014-10-21,15.510000228881836,2014-01-27,false,false,251
2014-12-30,19.549999237060547,22.8700008392334,2014-10-21,15.510000228881836,2014-01-27,false,false,251
2014-12-31,19.360000610351562,22.8700008392334,2014-10-21,15.510000228881836,2014-01-27,false,false,251
2015-01-02,19.260000228881836,22.8700008392334,2014-10-21,15.510000228881836,2014-01-27,false,false,251
2015-01-05,18.940000534057617,22.8700008392334,2014-10-21,15.510000228881836,2014-01-27,false,false,251
2015-01-06,18.989999771118164,22.8700008392334,2014-10-21,15.510000228881836,2014-01-27,false,false,251
2015-01-07,19.43000030517578,22.8700008392334,2014-10-21,15.510000228881836,2014-01-27,false,false,251
2015-01-08,19.09000015258789,22.8700008392334,2014-10-21,15.510000228881836,2014-01-27,false,false,251
2015-01-09,19.040000915527344,22.8700008392334,2014-10-21,15.510000228881836,2014-01-27,false,false,251
2015-01-12,19.110000610351562,22.8700008392334,2014-10-21,15.510000228881836,2014-01-27,false,false,251
2015-01-13,19.100000381469727,22.8700008392334,2014-10-21,15.510000228881836,2014-01-27,false,false,251
2015-01-14,18.479999542236328,22.8700008392334,2014-10-21,15.510000228881836,2014-01-27,false,false,251
2015-01-15,18.420000076293945,22.8700008392334,2014-10-21,15.510000228881836,2014-01-27,false,false,251
2015-01-16,18.260000228881836,22.8700008392334,2014-10-21,15.510000228881836,2014-01-27,false,false,251
2015-01-20,19.299999237060547,22.8700008392334,2014-10-21,15.510000228881836,2014-01-27,false,false,251
2015-01-21,19.209999084472656,22.8700008392334,2014-10-21,15.510000228881836,2014-01-27,false,false,251
2015-01-22,19.989999771118164,22.8700008392334,2014-10-21,15.510000228881836,2014-01-27,false,false,251
2015-01-23,19.920000076293945,22.8700008392334,2014-10-21,15.510000228881836,2014-01-27,false,false,251
2015-01-26,19.709999084472656,22.8700008392334,2014-10-21,15.510000228881836,2014-01-27,false,false,251
2015-01-27,19.479999542236328,22.8700008392334,2014-10-21,15.510000228881836,2014-01-27,false,false,251
2015-01-28,19.440000534057617,22.8700008392334,2014-10-21,16.079999923706055,2014-02-05,false,false,251
2015-01-29,19.309999465942383,22.8700008392334,2014-10-21,16.079999923706055,2014-02-05,false,false,251
2015-01-30,19.31999969482422,22.8700008392334,2014-10-21,16.079999923706055,2014-02-05,false,false,251
2015-02-02,19.770000457763672,22.8700008392334,2014-10-21,16.079999923706055,2014-02-05,false,false,251
2015-02-03,19.360000610351562,22.8700008392334,2014-10-21,16.079999923706055,2014-02-05,false,false,251
2015-02-04,19.350000381469727,22.8700008392334,2014-10-21,16.079999923706055,2014-02-05,false,false,251
2015-02-05,19.270000457763672,22.8700008392334,2014-10-21,16.079999923706055,2014-02-05,false,false,251
2015-02-06,19.170000076293945,22.8700008392334,2014-10-21,16.809999465942383,2014-03-13,false,false,251
2015-02-09,19.020000457763672,22.8700008392334,2014-10-21,16.809999465942383,2014-03-13,false,false,251
2015-02-10,19.3700008392334,22.8700008392334,2014-10-21,16.809999465942383,2014-03-13,false,false,251
2015-02-11,19.700000762939453,22.8700008392334,2014-10-21,16.809999465942383,2014-03-13,false,false,251
2015-02-12,20.559999465942383,22.8700008392334,2014-10-21,16.809999465942383,2014-03-13,false,false,251
2015-02-13,20.670000076293945,22.8700008392334,2014-10-21,16.809999465942383,2014-03-13,false,false,251
2015-02-17,20.350000381469727,22.8700008392334,2014-10-21,16.809999465942383,2014-03-13,false,false,251
2015-02-18,20.34000015258789,22.8700008392334,2014-10-21,16.809999465942383,2014-03-13,false,false,251
2015-02-19,20.25,22.8700008392334,2014-10-21,16.809999465942383,2014-03-13,false,false,251
2015-02-20,20.299999237060547,22.8700008392334,2014-10-21,16.809999465942383,2014-03-13,false,false,251
2015-02-23,20.65999984741211,22.8700008392334,2014-10-21,16.809999465942383,2014-03-13,false,false,251
2015-02-24,20.729999542236328,22.8700008392334,2014-10-21,16.809999465942383,2014-03-13,false,false,251
2015-02-25,20.920000076293945,22.8700008392334,2014-10-21,16.809999465942383,2014-03-13,false,false,251
2015-02-26,21.010000228881836,22.8700008392334,2014-10-21,16.809999465942383,2014-03-13,false,false,251
2015-02-27,20.68000030517578,22.8700008392334,2014-10-21,16.809999465942383,2014-03-13,false,false,251
2015-03-02,20.43000030517578,22.8700008392334,2014-10-21,16.809999465942383,2014-03-13,false,false,251
2015-03-03,20.600000381469727,22.8700008392334,2014-10-21,16.809999465942383,2014-03-13,false,false,251
2015-03-04,20.59000015258789,22.8700008392334,2014-10-21,16.809999465942383,2014-03-13,false,false,251
2015-03-05,20.280000686645508,22.8700008392334,2014-10-21,16.809999465942383,2014-03-13,false,false,251
2015-03-06,20.280000686645508,22.8700008392334,2014-10-21,16.809999465942383,2014-03-13,false,false,251
2015-03-09,20.309999465942383,22.8700008392334,2014-10-21,16.809999465942383,2014-03-13,false,false,251
2015-03-10,19.639999389648438,22.8700008392334,2014-10-21,16.809999465942383,2014-03-13,false,false,251
2015-03-11,19.100000381469727,22.8700008392334,2014-10-21,16.809999465942383,2014-03-13,false,false,251
2015-03-12,18.780000686645508,22.8700008392334,2014-10-21,16.809999465942383,2014-03-13,false,false,251
2015-03-13,19.100000381469727,22.8700008392334,2014-10-21,16.809999465942383,2014-03-13,false,false,251
2015-03-16,19.09000015258789,22.8700008392334,2014-10-21,17.170000076293945,2014-03-31,false,false,251
2015-03-17,19.700000762939453,22.8700008392334,2014-10-21,17.170000076293945,2014-03-31,false,false,251
2015-03-18,19.950000762939453,22.8700008392334,2014-10-21,17.170000076293945,2014-03-31,false,false,251
2015-03-19,20.18000030517578,22.8700008392334,2014-10-21,17.170000076293945,2014-03-31,false,false,251
2015-03-20,20.260000228881836,22.8700008392334,2014-10-21,17.170000076293945,2014-03-31,false,false,251
2015-03-23,20.389999389648438,22.8700008392334,2014-10-21,17.170000076293945,2014-03-31,false,false,251
2015-03-24,20.579999923706055,22.8700008392334,2014-10-21,17.170000076293945,2014-03-31,false,false,251
2015-03-25,20.420000076293945,22.8700008392334,2014-10-21,17.170000076293945,2014-03-31,false,false,251
2015-03-26,20.399999618530273,22.8700008392334,2014-10-21,17.170000076293945,2014-03-31,false,false,251
2015-03-27,20.200000762939453,22.8700008392334,2014-10-21,17.170000076293945,2014-03-31,false,false,251
2015-03-30,20.5,22.8700008392334,2014-10-21,17.170000076293945,2014-03-31,false,false,251
2015-03-31,20.5,22.8700008392334,2014-10-21,17.170000076293945,2014-03-31,false,false,251
2015-04-01,20.75,22.8700008392334,2014-10-21,17.65999984741211,2014-04-04,false,false,251
2015-04-02,21.18000030517578,22.8700008392334,2014-10-21,17.65999984741211,2014-04-04,false,false,251
2015-04-06,21.1200008392334,22.8700008392334,2014-10-21,17.65999984741211,2014-04-04,false,false,250
2015-04-07,20.56999969482422,22.8700008392334,2014-10-21,17.950000762939453,2014-04-08,false,false,250
2015-04-08,20.030000686645508,22.8700008392334,2014-10-21,17.950000762939453,2014-04-08,false,false,250
2015-04-09,19.729999542236328,22.8700008392334,2014-10-21,18.1200008392334,2014-06-26,false,false,250
2015-04-10,20,22.8700008392334,2014-10-21,18.1200008392334,2014-06-26,false,false,250
2015-04-13,19.790000915527344,22.8700008392334,2014-10-21,18.1200008392334,2014-06-26,false,false,250
2015-04-14,20.049999237060547,22.8700008392334,2014-10-21,18.1200008392334,2014-06-26,false,false,250
2015-04-15,20.059999465942383,22.8700008392334,2014-10-21,18.1200008392334,2014-06-26,false,false,250
2015-04-16,21.389999389648438,22.8700008392334,2014-10-21,18.1200008392334,2014-06-26,false,false,250
2015-04-17,21.600000381469727,22.8700008392334,2014-10-21,18.1200008392334,2014-06-26,false,false,250
2015-04-20,21.360000610351562,22.8700008392334,2014-10-21,18.1200008392334,2014-06-26,false,false,251
2015-04-21,21.209999084472656,22.8700008392334,2014-10-21,18.1200008392334,2014-06-26,false,false,251
2015-04-22,21.15999984741211,22.8700008392334,2014-10-21,18.1200008392334,2014-06-26,false,false,251
2015-04-23,21.329999923706055,22.8700008392334,2014-10-21,18.1200008392334,2014-06-26,false,false,251
2015-04-24,21.75,22.8700008392334,2014-10-21,18.1200008392334,2014-06-26,false,false,251
2015-04-27,21.719999313354492,22.8700008392334,2014-10-21,18.1200008392334,2014-06-26,false,false,251
2015-04-28,22.530000686645508,22.8700008392334,2014-10-21,18.1200008392334,2014-06-26,false,false,251
2015-04-29,22.110000610351562,22.8700008392334,2014-10-21,18.1200008392334,2014-06-26,false,false,251
2015-04-30,21.540000915527344,22.8700008392334,2014-10-21,18.1200008392334,2014-06-26,false,false,251
2015-05-01,21.530000686645508,22.8700008392334,2014-10-21,18.1200008392334,2014-06-26,false,false,251
2015-05-04,21.8799991607666,22.8700008392334,2014-10-21,18.1200008392334,2014-06-26,false,false,251
2015-05-05,21.739999771118164,22.8700008392334,2014-10-21,18.1200008392334,2014-06-26,false,false,251
2015-05-06,21.469999313354492,22.8700008392334,2014-10-21,18.1200008392334,2014-06-26,false,false,251
2015-05-07,21.270000457763672,22.8700008392334,2014-10-21,18.1200008392334,2014-06-26,false,false,251
2015-05-08,21.469999313354492,22.8700008392334,2014-10-21,18.1200008392334,2014-06-26,false,false,251
2015-05-11,21.65999984741211,22.8700008392334,2014-10-21,18.1200008392334,2014-06-26,false,false,251
2015-05-12,21.729999542236328,22.8700008392334,2014-10-21,18.1200008392334,2014-06-26,false,false,251
2015-05-13,21.649999618530273,22.8700008392334,2014-10-21,18.1200008392334,2014-06-26,false,false,251
2015-05-14,21.690000534057617,22.8700008392334,2014-10-21,18.1200008392334,2014-06-26,false,false,251
2015-05-15,21.75,22.8700008392334,2014-10-21,18.1200008392334,2014-06-26,false,false,251
2015-05-18,21.420000076293945,22.8700008392334,2014-10-21,18.1200008392334,2014-06-26,false,false,251
2015-05-19,21.309999465942383,22.8700008392334,2014-10-21,18.1200008392334,2014-06-26,false,false,251
2015-05-20,22,22.8700008392334,2014-10-21,18.1200008392334,2014-06-26,false,false,251
2015-05-21,21.790000915527344,22.8700008392334,2014-10-21,18.1200008392334,2014-06-26,false,false,251
2015-05-22,22.06999969482422,22.8700008392334,2014-10-21,18.1200008392334,2014-06-26,false,false,251
2015-05-26,21.170000076293945,22.8700008392334,2014-10-21,18.1200008392334,2014-06-26,false,false,251
2015-05-27,20.709999084472656,22.8700008392334,2014-10-21,18.1200008392334,2014-06-26,false,false,251
2015-05-28,20.59000015258789,22.8700008392334,2014-10-21,18.1200008392334,2014-06-26,false,false,251
2015-05-29,20.670000076293945,22.8700008392334,2014-10-21,18.1200008392334,2014-06-26,false,false,251
2015-06-01,20.5,22.8700008392334,2014-10-21,18.1200008392334,2014-06-26,false,false,251
2015-06-02,20.670000076293945,22.8700008392334,2014-10-21,18.1200008392334,2014-06-26,false,false,251
2015-06-03,20.309999465942383,22.8700008392334,2014-10-21,18.1200008392334,2014-06-26,false,false,251
2015-06-04,19.8700008392334,22.8700008392334,2014-10-21,18.1200008392334,2014-06-26,false,false,251
2015-06-05,20.049999237060547,22.8700008392334,2014-10-21,18.1200008392334,2014-06-26,false,false,251
2015-06-08,20,22.8700008392334,2014-10-21,18.1200008392334,2014-06-26,false,false,251
2015-06-09,19.969999313354492,22.8700008392334,2014-10-21,18.1200008392334,2014-06-26,false,false,251
2015-06-10,19.639999389648438,22.8700008392334,2014-10-21,18.1200008392334,2014-06-26,false,false,251
2015-06-11,19.75,22.8700008392334,2014-10-21,18.1200008392334,2014-06-26,false,false,251
2015-06-12,19.530000686645508,22.8700008392334,2014-10-21,18.1200008392334,2014-06-26,false,false,251
2015-06-15,19.459999084472656,22.8700008392334,2014-10-21,18.1200008392334,2014-06-26,false,false,251
2015-06-16,19.290000915527344,22.8700008392334,2014-10-21,18.1200008392334,2014-06-26,false,false,251
2015-06-17,19.329999923706055,22.8700008392334,2014-10-21,18.1200008392334,2014-06-26,false,false,251
2015-06-18,19.389999389648438,22.8700008392334,2014-10-21,18.1200008392334,2014-06-26,false,false,251
2015-06-19,19.84000015258789,22.8700008392334,2014-10-21,18.1200008392334,2014-06-26,false,false,251
2015-06-22,20.969999313354492,22.8700008392334,2014-10-21,18.1200008392334,2014-06-26,false,false,251
2015-06-23,20.700000762939453,22.8700008392334,2014-10-21,18.1200008392334,2014-06-26,false,false,251
2015-06-24,20.290000915527344,22.8700008392334,2014-10-21,18.1200008392334,2014-06-26,false,false,251
2015-06-25,20.200000762939453,22.8700008392334,2014-10-21,18.1200008392334,2014-06-26,false,false,251
2015-06-26,20.200000762939453,22.8700008392334,2014-10-21,18.1200008392334,2014-06-26,false,false,251
2015-06-29,19.920000076293945,22.8700008392334,2014-10-21,18.170000076293945,2014-07-17,false,false,251
2015-06-30,20.360000610351562,22.8700008392334,2014-10-21,18.170000076293945,2014-07-17,false,false,251
2015-07-01,20.469999313354492,22.8700008392334,2014-10-21,18.170000076293945,2014-07-17,false,false,251
2015-07-02,20.690000534057617,22.8700008392334,2014-10-21,18.170000076293945,2014-07-17,false,false,251
2015-07-06,20.709999084472656,22.8700008392334,2014-10-21,18.170000076293945,2014-07-17,false,false,251
2015-07-07,20.59000015258789,22.8700008392334,2014-10-21,18.170000076293945,2014-07-17,false,false,251
2015-07-08,20.549999237060547,22.8700008392334,2014-10-21,18.170000076293945,2014-07-17,false,false,251
2015-07-09,21.110000610351562,22.8700008392334,2014-10-21,18.170000076293945,2014-07-17,false,false,251
2015-07-10,21.110000610351562,22.8700008392334,2014-10-21,18.170000076293945,2014-07-17,false,false,251
2015-07-13,20.989999771118164,22.8700008392334,2014-10-21,18.170000076293945,2014-07-17,false,false,251
2015-07-14,21.34000015258789,22.8700008392334,2014-10-21,18.170000076293945,2014-07-17,false,false,251
2015-07-15,21.360000610351562,22.8700008392334,2014-10-21,18.170000076293945,2014-07-17,false,false,251
2015-07-16,21.459999084472656,22.8700008392334,2014-10-21,18.170000076293945,2014-07-17,false,false,251
2015-07-17,21.329999923706055,22.8700008392334,2014-10-21,18.170000076293945,2014-07-17,false,false,251
2015-07-20,21.56999969482422,22.8700008392334,2014-10-21,18.260000228881836,2015-01-16,false,false,251
2015-07-21,21.709999084472656,22.8700008392334,2014-10-21,18.260000228881836,2015-01-16,false,false,251
2015-07-22,20.93000030517578,22.8700008392334,2014-10-21,18.260000228881836,2015-01-16,false,false,251
2015-07-23,21.270000457763672,22.8700008392334,2014-10-21,18.260000228881836,2015-01-16,false,false,251
2015-07-24,20.3799991607666,22.8700008392334,2014-10-21,18.260000228881836,2015-01-16,false,false,251
2015-07-27,20.290000915527344,22.8700008392334,2014-10-21,18.260000228881836,2015-01-16,false,false,251
2015-07-28,20.65999984741211,22.8700008392334,2014-10-21,18.260000228881836,2015-01-16,false,false,251
2015-07-29,20.670000076293945,22.8700008392334,2014-10-21,18.260000228881836,2015-01-16,false,false,251
2015-07-30,20.59000015258789,22.8700008392334,2014-10-21,18.260000228881836,2015-01-16,false,false,251
2015-07-31,21.549999237060547,22.8700008392334,2014-10-21,18.260000228881836,2015-01-16,false,false,251
2015-08-03,21.65999984741211,22.8700008392334,2014-10-21,18.260000228881836,2015-01-16,false,false,251
2015-08-04,21.770000457763672,22.8700008392334,2014-10-21,18.260000228881836,2015-01-16,false,false,251
2015-08-05,21.770000457763672,22.8700008392334,2014-10-21,18.260000228881836,2015-01-16,false,false,251
2015-08-06,21.780000686645508,22.8700008392334,2014-10-21,18.260000228881836,2015-01-16,false,false,251
2015-08-07,21.690000534057617,22.8700008392334,2014-10-21,18.260000228881836,2015-01-16,false,false,251
2015-08-10,22.1299991607666,22.8700008392334,2014-10-21,18.260000228881836,2015-01-16,false,false,251
2015-08-11,21.1299991607666,22.8700008392334,2014-10-21,18.260000228881836,2015-01-16,false,false,251
2015-08-12,21.110000610351562,22.8700008392334,2014-10-21,18.260000228881836,2015-01-16,false,false,251
2015-08-13,21.049999237060547,22.8700008392334,2014-10-21,18.260000228881836,2015-01-16,false,false,251
2015-08-14,21.170000076293945,22.8700008392334,2014-10-21,18.260000228881836,2015-01-16,false,false,251
2015-08-17,21.299999237060547,22.8700008392334,2014-10-21,18.260000228881836,2015-01-16,false,false,251
2015-08-18,21.309999465942383,22.8700008392334,2014-10-21,18.260000228881836,2015-01-16,false,false,251
2015-08-19,21.239999771118164,22.8700008392334,2014-10-21,18.260000228881836,2015-01-16,false,false,251
2015-08-20,21.3799991607666,22.8700008392334,2014-10-21,18.260000228881836,2015-01-16,false,false,251
2015-08-21,20.3700008392334,22.8700008392334,2014-10-21,18.260000228881836,2015-01-16,false,false,251
2015-08-24,19.670000076293945,22.8700008392334,2014-10-21,18.260000228881836,2015-01-16,false,false,251
2015-08-25,19.649999618530273,22.8700008392334,2014-10-21,18.260000228881836,2015-01-16,false,false,251
2015-08-26,20.579999923706055,22.8700008392334,2014-10-21,18.260000228881836,2015-01-16,false,false,251
2015-08-27,21.149999618530273,22.8700008392334,2014-10-21,18.260000228881836,2015-01-16,false,false,251
2015-08-28,20.780000686645508,22.8700008392334,2014-10-21,18.260000228881836,2015-01-16,false,false,251
2015-08-31,20.420000076293945,22.8700008392334,2014-10-21,18.260000228881836,2015-01-16,false,false,251
2015-09-01,20.260000228881836,22.8700008392334,2014-10-21,18.260000228881836,2015-01-16,false,false,252
2015-09-02,20.190000534057617,22.8700008392334,2014-10-21,18.260000228881836,2015-01-16,false,false,252
2015-09-03,20.049999237060547,22.8700008392334,2014-10-21,18.260000228881836,2015-01-16,false,false,252
2015-09-04,19.450000762939453,22.8700008392334,2014-10-21,18.260000228881836,2015-01-16,false,false,252
2015-09-08,19.469999313354492,22.8700008392334,2014-10-21,18.260000228881836,2015-01-16,false,false,251
2015-09-09,19.8799991607666,22.8700008392334,2014-10-21,18.260000228881836,2015-01-16,false,false,251
2015-09-10,20.59000015258789,22.8700008392334,2014-10-21,18.260000228881836,2015-01-16,false,false,251
2015-09-11,20.600000381469727,22.8700008392334,2014-10-21,18.260000228881836,2015-01-16,false,false,251
2015-09-14,20.75,22.8700008392334,2014-10-21,18.260000228881836,2015-01-16,false,false,251
2015-09-15,20.8799991607666,22.8700008392334,2014-10-21,18.260000228881836,2015-01-16,false,false,251
2015-09-16,20.950000762939453,22.8700008392334,2014-10-21,18.260000228881836,2015-01-16,false,false,251
2015-09-17,20.790000915527344,22.8700008392334,2014-10-21,18.260000228881836,2015-01-16,false,false,251
2015-09-18,20.399999618530273,22.8700008392334,2014-10-21,18.260000228881836,2015-01-16,false,false,251
2015-09-21,20.309999465942383,22.8700008392334,2014-10-21,18.260000228881836,2015-01-16,false,false,251
2015-09-22,20.799999237060547,22.8700008392334,2014-10-21,18.260000228881836,2015-01-16,false,false,251
2015-09-23,20.329999923706055,22.8700008392334,2014-10-21,18.260000228881836,2015-01-16,false,false,251
2015-09-24,20.389999389648438,22.8700008392334,2014-10-21,18.260000228881836,2015-01-16,false,false,251
2015-09-25,20.489999771118164,22.8700008392334,2014-10-21,18.260000228881836,2015-01-16,false,false,251
2015-09-28,20.139999389648438,22.8700008392334,2014-10-21,18.260000228881836,2015-01-16,false,false,251
2015-09-29,20.09000015258789,22.8700008392334,2014-10-21,18.260000228881836,2015-01-16,false,false,251
2015-09-30,20.489999771118164,22.8700008392334,2014-10-21,18.260000228881836,2015-01-16,false,false,251
2015-10-01,20.690000534057617,22.8700008392334,2014-10-21,18.260000228881836,2015-01-16,false,false,251
2015-10-02,20.6299991607666,22.8700008392334,2014-10-21,18.260000228881836,2015-01-16,false,false,251
2015-10-05,21.219999313354492,22.8700008392334,2014-10-21,18.260000228881836,2015-01-16,false,false,251
2015-10-06,21.06999969482422,22.8700008392334,2014-10-21,18.260000228881836,2015-01-16,false,false,251
2015-10-07,21,22.8700008392334,2014-10-21,18.260000228881836,2015-01-16,false,false,251
2015-10-08,20.989999771118164,22.8700008392334,2014-10-21,18.260000228881836,2015-01-16,false,false,251
2015-10-09,21.190000534057617,22.8700008392334,2014-10-21,18.260000228881836,2015-01-16,false,false,251
2015-10-12,21.15999984741211,22.8700008392334,2014-10-21,18.260000228881836,2015-01-16,false,false,251
2015-10-13,20.93000030517578,22.8700008392334,2014-10-21,18.260000228881836,2015-01-16,false,false,251
2015-10-14,22.049999237060547,22.8700008392334,2014-10-21,18.260000228881836,2015-01-16,false,false,251
2015-10-15,22.489999771118164,22.8700008392334,2014-10-21,18.260000228881836,2015-01-16,false,false,251
2015-10-16,22.639999389648438,22.8700008392334,2014-10-21,18.260000228881836,2015-01-16,false,false,251
2015-10-19,22.729999542236328,22.8700008392334,2014-10-21,18.260000228881836,2015-01-16,false,false,251
2015-10-20,23.040000915527344,23.040000915527344,2015-10-20,18.260000228881836,2015-01-16,true,false,251
2015-10-21,22.920000076293945,23.040000915527344,2015-10-20,18.260000228881836,2015-01-16,false,false,251
2015-10-22,23.25,23.25,2015-10-22,18.260000228881836,2015-01-16,true,false,251
2015-10-23,22.959999084472656,23.25,2015-10-22,18.260000228881836,2015-01-16,false,false,251
2015-10-26,23.260000228881836,23.260000228881836,2015-10-26,18.260000228881836,2015-01-16,true,false,251
2015-10-27,23.309999465942383,23.309999465942383,2015-10-27,18.260000228881836,2015-01-16,true,false,251
2015-10-28,22.959999084472656,23.309999465942383,2015-10-27,18.260000228881836,2015-01-16,false,false,251
2015-10-29,22.700000762939453,23.309999465942383,2015-10-27,18.260000228881836,2015-01-16,false,false,251
2015-10-30,22.399999618530273,23.309999465942383,2015-10-27,18.260000228881836,2015-01-16,false,false,251
2015-11-02,22.459999084472656,23.309999465942383,2015-10-27,18.260000228881836,2015-01-16,false,false,251
2015-11-03,22.979999542236328,23.309999465942383,2015-10-27,18.260000228881836,2015-01-16,false,false,251
2015-11-04,23.200000762939453,23.309999465942383,2015-10-27,18.260000228881836,2015-01-16,false,false,251
2015-11-05,22.81999969482422,23.309999465942383,2015-10-27,18.260000228881836,2015-01-16,false,false,251
2015-11-06,22.59000015258789,23.309999465942383,2015-10-27,18.260000228881836,2015-01-16,false,false,251
2015-11-09,22.600000381469727,23.309999465942383,2015-10-27,18.260000228881836,2015-01-16,false,false,251
2015-11-10,21.860000610351562,23.309999465942383,2015-10-27,18.260000228881836,2015-01-16,false,false,251
2015-11-11,22.049999237060547,23.309999465942383,2015-10-27,18.260000228881836,2015-01-16,false,false,251
2015-11-12,21.270000457763672,23.309999465942383,2015-10-27,18.260000228881836,2015-01-16,false,false,251
2015-11-13,21.15999984741211,23.309999465942383,2015-10-27,18.260000228881836,2015-01-16,false,false,251
2015-11-16,21.479999542236328,23.309999465942383,2015-10-27,18.260000228881836,2015-01-16,false,false,251
2015-11-17,21.440000534057617,23.309999465942383,2015-10-27,18.260000228881836,2015-01-16,false,false,251
2015-11-18,21.899999618530273,23.309999465942383,2015-10-27,18.260000228881836,2015-01-16,false,false,251
2015-11-19,21.8799991607666,23.309999465942383,2015-10-27,18.260000228881836,2015-01-16,false,false,251
2015-11-20,21.799999237060547,23.309999465942383,2015-10-27,18.260000228881836,2015-01-16,false,false,251
2015-11-23,21.530000686645508,23.309999465942383,2015-10-27,18.260000228881836,2015-01-16,false,false,251
2015-11-24,21.610000610351562,23.309999465942383,2015-10-27,18.260000228881836,2015-01-16,false,false,251
2015-11-25,21.549999237060547,23.309999465942383,2015-10-27,18.260000228881836,2015-01-16,false,false,251
2015-11-27,21.5,23.309999465942383,2015-10-27,18.260000228881836,2015-01-16,false,false,251
2015-11-30,21.170000076293945,23.309999465942383,2015-10-27,18.260000228881836,2015-01-16,false,false,251
2015-12-01,21.549999237060547,23.309999465942383,2015-10-27,18.260000228881836,2015-01-16,false,false,251
2015-12-02,21.059999465942383,23.309999465942383,2015-10-27,18.260000228881836,2015-01-16,false,false,251
2015-12-03,21.020000457763672,23.309999465942383,2015-10-27,18.260000228881836,2015-01-16,false,false,251
2015-12-04,21.030000686645508,23.309999465942383,2015-10-27,18.260000228881836,2015-01-16,false,false,251
2015-12-07,20.450000762939453,23.309999465942383,2015-10-27,18.260000228881836,2015-01-16,false,false,251
2015-12-08,20.709999084472656,23.309999465942383,2015-10-27,18.260000228881836,2015-01-16,false,false,251
2015-12-09,20.979999542236328,23.309999465942383,2015-10-27,18.260000228881836,2015-01-16,false,false,251
2015-12-10,20.719999313354492,23.309999465942383,2015-10-27,18.260000228881836,2015-01-16,false,false,251
2015-12-11,20.280000686645508,23.309999465942383,2015-10-27,18.260000228881836,2015-01-16,false,false,251
2015-12-14,20.860000610351562,23.309999465942383,2015-10-27,18.260000228881836,2015-01-16,false,false,251
2015-12-15,20.81999969482422,23.309999465942383,2015-10-27,18.260000228881836,2015-01-16,false,false,251
2015-12-16,21.260000228881836,23.309999465942383,2015-10-27,18.260000228881836,2015-01-16,false,false,251
2015-12-17,21.010000228881836,23.309999465942383,2015-10-27,18.260000228881836,2015-01-16,false,false,251
2015-12-18,21.18000030517578,23.309999465942383,2015-10-27,18.260000228881836,2015-01-16,false,false,251
2015-12-21,21.209999084472656,23.309999465942383,2015-10-27,18.260000228881836,2015-01-16,false,false,251
2015-12-22,21.610000610351562,23.309999465942383,2015-10-27,18.260000228881836,2015-01-16,false,false,251
2015-12-23,21.68000030517578,23.309999465942383,2015-10-27,18.260000228881836,2015-01-16,false,false,251
2015-12-24,21.579999923706055,23.309999465942383,2015-10-27,18.260000228881836,2015-01-16,false,false,251
2015-12-28,21.459999084472656,23.309999465942383,2015-10-27,18.260000228881836,2015-01-16,false,false,251
2015-12-29,21.350000381469727,23.309999465942383,2015-10-27,18.260000228881836,2015-01-16,false,false,251
2015-12-30,21.25,23.309999465942383,2015-10-27,18.260000228881836,2015-01-16,false,false,251
2015-12-31,21.170000076293945,23.309999465942383,2015-10-27,18.260000228881836,2015-01-16,false,false,251
2016-01-04,20.920000076293945,23.309999465942383,2015-10-27,18.260000228881836,2015-01-16,false,false,251
2016-01-05,21.18000030517578,23.309999465942383,2015-10-27,18.260000228881836,2015-01-16,false,false,251
2016-01-06,21.200000762939453,23.309999465942383,2015-10-27,18.260000228881836,2015-01-16,false,false,251
2016-01-07,20.889999389648438,23.309999465942383,2015-10-27,18.260000228881836,2015-01-16,false,false,251
2016-01-08,20.65999984741211,23.309999465942383,2015-10-27,18.260000228881836,2015-01-16,false,false,251
2016-01-11,21.31999969482422,23.309999465942383,2015-10-27,18.260000228881836,2015-01-16,false,false,251
2016-01-12,21.049999237060547,23.309999465942383,2015-10-27,18.260000228881836,2015-01-16,false,false,251
2016-01-13,21.540000915527344,23.309999465942383,2015-10-27,18.260000228881836,2015-01-16,false,false,251
2016-01-14,21.68000030517578,23.309999465942383,2015-10-27,18.260000228881836,2015-01-16,false,false,251
2016-01-15,20.81999969482422,23.309999465942383,2015-10-27,18.260000228881836,2015-01-16,false,false,251
2016-01-19,21.399999618530273,23.309999465942383,2015-10-27,18.260000228881836,2015-01-16,false,false,251
2016-01-20,20.850000381469727,23.309999465942383,2015-10-27,18.780000686645508,2015-03-12,false,false,251
2016-01-21,20.959999084472656,23.309999465942383,2015-10-27,18.780000686645508,2015-03-12,false,false,251
2016-01-22,20.979999542236328,23.309999465942383,2015-10-27,18.780000686645508,2015-03-12,false,false,251
2016-01-25,21.15999984741211,23.309999465942383,2015-10-27,18.780000686645508,2015-03-12,false,false,251
2016-01-26,21.489999771118164,23.309999465942383,2015-10-27,18.780000686645508,2015-03-12,false,false,251
2016-01-27,21.260000228881836,23.309999465942383,2015-10-27,18.780000686645508,2015-03-12,false,false,251
2016-01-28,21.530000686645508,23.309999465942383,2015-10-27,18.780000686645508,2015-03-12,false,false,251
2016-01-29,21.799999237060547,23.309999465942383,2015-10-27,18.780000686645508,2015-03-12,false,false,251
2016-02-01,22.149999618530273,23.309999465942383,2015-10-27,18.780000686645508,2015-03-12,false,false,251
2016-02-02,21.8799991607666,23.309999465942383,2015-10-27,18.780000686645508,2015-03-12,false,false,251
2016-02-03,22,23.309999465942383,2015-10-27,18.780000686645508,2015-03-12,false,false,251
2016-02-04,22.239999771118164,23.309999465942383,2015-10-27,18.780000686645508,2015-03-12,false,false,251
2016-02-05,22.100000381469727,23.309999465942383,2015-10-27,18.780000686645508,2015-03-12,false,false,251
2016-02-08,21.690000534057617,23.309999465942383,2015-10-27,18.780000686645508,2015-03-12,false,false,251
2016-02-09,21.600000381469727,23.309999465942383,2015-10-27,18.780000686645508,2015-03-12,false,false,251
2016-02-10,21.729999542236328,23.309999465942383,2015-10-27,18.780000686645508,2015-03-12,false,false,251
2016-02-11,21.489999771118164,23.309999465942383,2015-10-27,18.780000686645508,2015-03-12,false,false,251
2016-02-12,21.6299991607666,23.309999465942383,2015-10-27,18.780000686645508,2015-03-12,false,false,251
2016-02-16,21.68000030517578,23.309999465942383,2015-10-27,18.780000686645508,2015-03-12,false,false,251
2016-02-17,22.219999313354492,23.309999465942383,2015-10-27,18.780000686645508,2015-03-12,false,false,251
2016-02-18,22.229999542236328,23.309999465942383,2015-10-27,18.780000686645508,2015-03-12,false,false,251
2016-02-19,22.3799991607666,23.309999465942383,2015-10-27,18.780000686645508,2015-03-12,false,false,251
2016-02-22,22.860000610351562,23.309999465942383,2015-10-27,18.780000686645508,2015-03-12,false,false,251
2016-02-23,22.31999969482422,23.309999465942383,2015-10-27,18.780000686645508,2015-03-12,false,false,251
2016-02-24,22.709999084472656,23.309999465942383,2015-10-27,18.780000686645508,2015-03-12,false,false,251
2016-02-25,23.600000381469727,23.600000381469727,2016-02-25,18.780000686645508,2015-03-12,true,false,251
2016-02-26,23.799999237060547,23.799999237060547,2016-02-26,18.780000686645508,2015-03-12,true,false,251
2016-02-29,23.540000915527344,23.799999237060547,2016-02-26,18.780000686645508,2015-03-12,false,false,251
2016-03-01,23.959999084472656,23.959999084472656,2016-03-01,18.780000686645508,2015-03-12,true,false,251
2016-03-02,24.549999237060547,24.549999237060547,2016-03-02,18.780000686645508,2015-03-12,true,false,251
2016-03-03,24.389999389648438,24.549999237060547,2016-03-02,18.780000686645508,2015-03-12,false,false,251
2016-03-04,24.6200008392334,24.6200008392334,2016-03-04,18.780000686645508,2015-03-12,true,false,251
2016-03-07,23.079999923706055,24.6200008392334,2016-03-04,18.780000686645508,2015-03-12,false,false,251
2016-03-08,23.309999465942383,24.6200008392334,2016-03-04,18.780000686645508,2015-03-12,false,false,251
2016-03-09,23.739999771118164,24.6200008392334,2016-03-04,18.780000686645508,2015-03-12,false,false,251
2016-03-10,23.979999542236328,24.6200008392334,2016-03-04,18.780000686645508,2015-03-12,false,false,251
2016-03-11,24.350000381469727,24.6200008392334,2016-03-04,18.780000686645508,2015-03-12,false,false,251
2016-03-14,24.270000457763672,24.6200008392334,2016-03-04,19.09000015258789,2015-03-16,false,false,251
2016-03-15,24.170000076293945,24.6200008392334,2016-03-04,19.09000015258789,2015-03-16,false,false,251
2016-03-16,24.920000076293945,24.920000076293945,2016-03-16,19.290000915527344,2015-06-16,true,false,251
2016-03-17,25.209999084472656,25.209999084472656,2016-03-17,19.290000915527344,2015-06-16,true,false,251
2016-03-18,25.450000762939453,25.450000762939453,2016-03-18,19.290000915527344,2015-06-16,true,false,251
2016-03-21,25.510000228881836,25.510000228881836,2016-03-21,19.290000915527344,2015-06-16,true,false,251
2016-03-22,25.290000915527344,25.510000228881836,2016-03-21,19.290000915527344,2015-06-16,false,false,251
2016-03-23,25.139999389648438,25.510000228881836,2016-03-21,19.290000915527344,2015-06-16,false,false,251
2016-03-24,25.440000534057617,25.510000228881836,2016-03-21,19.290000915527344,2015-06-16,false,false,251
2016-03-28,25.190000534057617,25.510000228881836,2016-03-21,19.290000915527344,2015-06-16,false,false,250
2016-03-29,25.729999542236328,25.729999542236328,2016-03-29,19.290000915527344,2015-06-16,true,false,250
2016-03-30,25.770000457763672,25.770000457763672,2016-03-30,19.290000915527344,2015-06-16,true,false,250
2016-03-31,25.75,25.770000457763672,2016-03-30,19.290000915527344,2015-06-16,false,false,250
2016-04-01,25.639999389648438,25.770000457763672,2016-03-30,19.290000915527344,2015-06-16,false,false,250
2016-04-04,25.190000534057617,25.770000457763672,2016-03-30,19.290000915527344,2015-06-16,false,false,251
2016-04-05,24.770000457763672,25.770000457763672,2016-03-30,19.290000915527344,2015-06-16,false,false,251
2016-04-06,24.670000076293945,25.770000457763672,2016-03-30,19.290000915527344,2015-06-16,false,false,251
2016-04-07,25.139999389648438,25.770000457763672,2016-03-30,19.290000915527344,2015-06-16,false,false,251
2016-04-08,25.09000015258789,25.770000457763672,2016-03-30,19.290000915527344,2015-06-16,false,false,251
2016-04-11,25.459999084472656,25.770000457763672,2016-03-30,19.290000915527344,2015-06-16,false,false,251
2016-04-12,25.709999084472656,25.770000457763672,2016-03-30,19.290000915527344,2015-06-16,false,false,251
2016-04-13,25.790000915527344,25.790000915527344,2016-04-13,19.290000915527344,2015-06-16,true,false,251
2016-04-14,25.530000686645508,25.790000915527344,2016-04-13,19.290000915527344,2015-06-16,false,false,251
2016-04-15,25.829999923706055,25.829999923706055,2016-04-15,19.290000915527344,2015-06-16,true,false,251
2016-04-18,25.700000762939453,25.829999923706055,2016-04-15,19.290000915527344,2015-06-16,false,false,251
2016-04-19,26.389999389648438,26.389999389648438,2016-04-19,19.290000915527344,2015-06-16,true,false,251
2016-04-20,25.969999313354492,26.389999389648438,2016-04-19,19.290000915527344,2015-06-16,false,false,251
2016-04-21,25.81999969482422,26.389999389648438,2016-04-19,19.290000915527344,2015-06-16,false,false,251
2016-04-22,25.8799991607666,26.389999389648438,2016-04-19,19.290000915527344,2015-06-16,false,false,251
2016-04-25,25.799999237060547,26.389999389648438,2016-04-19,19.290000915527344,2015-06-16,false,false,251
2016-04-26,26.559999465942383,26.559999465942383,2016-04-26,19.290000915527344,2015-06-16,true,false,251
2016-04-27,26.649999618530273,26.649999618530273,2016-04-27,19.290000915527344,2015-06-16,true,false,251
2016-04-28,26.770000457763672,26.770000457763672,2016-04-28,19.290000915527344,2015-06-16,true,false,251
2016-04-29,26.899999618530273,26.899999618530273,2016-04-29,19.290000915527344,2015-06-16,true,false,251
2016-05-02,26.8700008392334,26.899999618530273,2016-04-29,19.290000915527344,2015-06-16,false,false,251
2016-05-03,26.540000915527344,26.899999618530273,2016-04-29,19.290000915527344,2015-06-16,false,false,251
2016-05-04,26.479999542236328,26.899999618530273,2016-04-29,19.290000915527344,2015-06-16,false,false,251
2016-05-05,26.329999923706055,26.899999618530273,2016-04-29,19.290000915527344,2015-06-16,false,false,251
2016-05-06,26.239999771118164,26.899999618530273,2016-04-29,19.290000915527344,2015-06-16,false,false,251
2016-05-09,26.739999771118164,26.899999618530273,2016-04-29,19.290000915527344,2015-06-16,false,false,251
2016-05-10,26.290000915527344,26.899999618530273,2016-04-29,19.290000915527344,2015-06-16,false,false,251
2016-05-11,26.239999771118164,26.899999618530273,2016-04-29,19.290000915527344,2015-06-16,false,false,251
2016-05-12,26.309999465942383,26.899999618530273,2016-04-29,19.290000915527344,2015-06-16,false,false,251
2016-05-13,26.010000228881836,26.899999618530273,2016-04-29,19.290000915527344,2015-06-16,false,false,251
2016-05-16,25.940000534057617,26.899999618530273,2016-04-29,19.290000915527344,2015-06-16,false,false,251
2016-05-17,25.790000915527344,26.899999618530273,2016-04-29,19.290000915527344,2015-06-16,false,false,251
2016-05-18,25.360000610351562,26.899999618530273,2016-04-29,19.290000915527344,2015-06-16,false,false,251
2016-05-19,25.540000915527344,26.899999618530273,2016-04-29,19.290000915527344,2015-06-16,false,false,251
2016-05-20,25.270000457763672,26.899999618530273,2016-04-29,19.290000915527344,2015-06-16,false,false,251
2016-05-23,25.239999771118164,26.899999618530273,2016-04-29,19.290000915527344,2015-06-16,false,false,251
2016-05-24,25.510000228881836,26.899999618530273,2016-04-29,19.290000915527344,2015-06-16,false,false,252
2016-05-25,26.149999618530273,26.899999618530273,2016-04-29,19.290000915527344,2015-06-16,false,false,252
2016-05-26,26.360000610351562,26.899999618530273,2016-04-29,19.290000915527344,2015-06-16,false,false,252
2016-05-27,26.350000381469727,26.899999618530273,2016-04-29,19.290000915527344,2015-06-16,false,false,252
2016-05-31,26.40999984741211,26.899999618530273,2016-04-29,19.290000915527344,2015-06-16,false,false,251
2016-06-01,25.3700008392334,26.899999618530273,2016-04-29,19.290000915527344,2015-06-16,false,false,251
2016-06-02,25.360000610351562,26.899999618530273,2016-04-29,19.290000915527344,2015-06-16,false,false,251
2016-06-03,25.860000610351562,26.899999618530273,2016-04-29,19.290000915527344,2015-06-16,false,false,251
2016-06-06,25.93000030517578,26.899999618530273,2016-04-29,19.290000915527344,2015-06-16,false,false,251
2016-06-07,26.100000381469727,26.899999618530273,2016-04-29,19.290000915527344,2015-06-16,false,false,251
2016-06-08,26.299999237060547,26.899999618530273,2016-04-29,19.290000915527344,2015-06-16,false,false,251
2016-06-09,26.219999313354492,26.899999618530273,2016-04-29,19.290000915527344,2015-06-16,false,false,251
2016-06-10,26.270000457763672,26.899999618530273,2016-04-29,19.290000915527344,2015-06-16,false,false,251
2016-06-13,25.5,26.899999618530273,2016-04-29,19.290000915527344,2015-06-16,false,false,251
2016-06-14,25.15999984741211,26.899999618530273,2016-04-29,19.290000915527344,2015-06-16,false,false,251
2016-06-15,24.850000381469727,26.899999618530273,2016-04-29,19.290000915527344,2015-06-16,false,false,251
2016-06-16,24.940000534057617,26.899999618530273,2016-04-29,19.389999389648438,2015-06-18,false,false,251
2016-06-17,25,26.899999618530273,2016-04-29,19.389999389648438,2015-06-18,false,false,251
2016-06-20,25.549999237060547,26.899999618530273,2016-04-29,19.450000762939453,2015-09-04,false,false,251
2016-06-21,25.139999389648438,26.899999618530273,2016-04-29,19.450000762939453,2015-09-04,false,false,251
2016-06-22,25.549999237060547,26.899999618530273,2016-04-29,19.450000762939453,2015-09-04,false,false,251
2016-06-23,25.65999984741211,26.899999618530273,2016-04-29,19.450000762939453,2015-09-04,false,false,251
2016-06-24,24.81999969482422,26.899999618530273,2016-04-29,19.450000762939453,2015-09-04,false,false,251
2016-06-27,24.81999969482422,26.899999618530273,2016-04-29,19.450000762939453,2015-09-04,false,false,251
2016-06-28,25.450000762939453,26.899999618530273,2016-04-29,19.450000762939453,2015-09-04,false,false,251
2016-06-29,25.8799991607666,26.899999618530273,2016-04-29,19.450000762939453,2015-09-04,false,false,251
2016-06-30,25.93000030517578,26.899999618530273,2016-04-29,19.450000762939453,2015-09-04,false,false,251
2016-07-01,26.040000915527344,26.899999618530273,2016-04-29,19.450000762939453,2015-09-04,false,false,251
2016-07-05,25.790000915527344,26.899999618530273,2016-04-29,19.450000762939453,2015-09-04,false,false,251
2016-07-06,25.549999237060547,26.899999618530273,2016-04-29,19.450000762939453,2015-09-04,false,false,251
2016-07-07,25.329999923706055,26.899999618530273,2016-04-29,19.450000762939453,2015-09-04,false,false,251
2016-07-08,25.940000534057617,26.899999618530273,2016-04-29,19.450000762939453,2015-09-04,false,false,251
2016-07-11,26.440000534057617,26.899999618530273,2016-04-29,19.450000762939453,2015-09-04,false,false,251
2016-07-12,26.06999969482422,26.899999618530273,2016-04-29,19.450000762939453,2015-09-04,false,false,251
2016-07-13,26.190000534057617,26.899999618530273,2016-04-29,19.450000762939453,2015-09-04,false,false,251
2016-07-14,26.270000457763672,26.899999618530273,2016-04-29,19.450000762939453,2015-09-04,false,false,251
2016-07-15,26.25,26.899999618530273,2016-04-29,19.450000762939453,2015-09-04,false,false,251
2016-07-18,26.540000915527344,26.899999618530273,2016-04-29,19.450000762939453,2015-09-04,false,false,251
2016-07-19,26.56999969482422,26.899999618530273,2016-04-29,19.450000762939453,2015-09-04,false,false,251
2016-07-20,26.25,26.899999618530273,2016-04-29,19.450000762939453,2015-09-04,false,false,251
2016-07-21,26.670000076293945,26.899999618530273,2016-04-29,19.450000762939453,2015-09-04,false,false,251
2016-07-22,26.649999618530273,26.899999618530273,2016-04-29,19.450000762939453,2015-09-04,false,false,251
2016-07-25,26.56999969482422,26.899999618530273,2016-04-29,19.450000762939453,2015-09-04,false,false,251
2016-07-26,26.950000762939453,26.950000762939453,2016-07-26,19.450000762939453,2015-09-04,true,false,251
2016-07-27,26.860000610351562,26.950000762939453,2016-07-26,19.450000762939453,2015-09-04,false,false,251
2016-07-28,27.059999465942383,27.059999465942383,2016-07-28,19.450000762939453,2015-09-04,true,false,251
2016-07-29,27.190000534057617,27.190000534057617,2016-07-29,19.450000762939453,2015-09-04,true,false,251
2016-08-01,27.3700008392334,27.3700008392334,2016-08-01,19.450000762939453,2015-09-04,true,false,251
2016-08-02,27.799999237060547,27.799999237060547,2016-08-02,19.450000762939453,2015-09-04,true,false,251
2016-08-03,27.90999984741211,27.90999984741211,2016-08-03,19.450000762939453,2015-09-04,true,false,251
2016-08-04,27.40999984741211,27.90999984741211,2016-08-03,19.450000762939453,2015-09-04,false,false,251
2016-08-05,27.459999084472656,27.90999984741211,2016-08-03,19.450000762939453,2015-09-04,false,false,251
2016-08-08,27.40999984741211,27.90999984741211,2016-08-03,19.450000762939453,2015-09-04,false,false,251
2016-08-09,27.670000076293945,27.90999984741211,2016-08-03,19.450000762939453,2015-09-04,false,false,251
2016-08-10,28.309999465942383,28.309999465942383,2016-08-10,19.450000762939453,2015-09-04,true,false,251
2016-08-11,27.75,28.309999465942383,2016-08-10,19.450000762939453,2015-09-04,false,false,251
2016-08-12,26.760000228881836,28.309999465942383,2016-08-10,19.450000762939453,2015-09-04,false,false,251
2016-08-15,26.690000534057617,28.309999465942383,2016-08-10,19.450000762939453,2015-09-04,false,false,251
2016-08-16,26.6200008392334,28.309999465942383,2016-08-10,19.450000762939453,2015-09-04,false,false,251
2016-08-17,26.510000228881836,28.309999465942383,2016-08-10,19.450000762939453,2015-09-04,false,false,251
2016-08-18,26.579999923706055,28.309999465942383,2016-08-10,19.450000762939453,2015-09-04,false,false,251
2016-08-19,25.719999313354492,28.309999465942383,2016-08-10,19.450000762939453,2015-09-04,false,false,251
2016-08-22,25.639999389648438,28.309999465942383,2016-08-10,19.450000762939453,2015-09-04,false,false,251
2016-08-23,25.530000686645508,28.309999465942383,2016-08-10,19.450000762939453,2015-09-04,false,false,251
2016-08-24,25.68000030517578,28.309999465942383,2016-08-10,19.450000762939453,2015-09-04,false,false,251
2016-08-25,26.110000610351562,28.309999465942383,2016-08-10,19.450000762939453,2015-09-04,false,false,251
2016-08-26,25.979999542236328,28.309999465942383,2016-08-10,19.450000762939453,2015-09-04,false,false,251
2016-08-29,26,28.309999465942383,2016-08-10,19.450000762939453,2015-09-04,false,false,251
2016-08-30,25.600000381469727,28.309999465942383,2016-08-10,19.450000762939453,2015-09-04,false,false,251
2016-08-31,25.860000610351562,28.309999465942383,2016-08-10,19.450000762939453,2015-09-04,false,false,251
2016-09-01,25.760000228881836,28.309999465942383,2016-08-10,19.450000762939453,2015-09-04,false,false,251
2016-09-02,25.8700008392334,28.309999465942383,2016-08-10,19.450000762939453,2015-09-04,false,false,251
2016-09-06,26.3700008392334,28.309999465942383,2016-08-10,19.450000762939453,2015-09-04,false,false,251
2016-09-07,26.709999084472656,28.309999465942383,2016-08-10,19.8799991607666,2015-09-09,false,false,251
2016-09-08,26.700000762939453,28.309999465942383,2016-08-10,19.8799991607666,2015-09-09,false,false,251
2016-09-09,26.270000457763672,28.309999465942383,2016-08-10,20.09000015258789,2015-09-29,false,false,251
2016-09-12,26.639999389648438,28.309999465942383,2016-08-10,20.09000015258789,2015-09-29,false,false,251
2016-09-13,25.43000030517578,28.309999465942383,2016-08-10,20.09000015258789,2015-09-29,false,false,251
2016-09-14,25.520000457763672,28.309999465942383,2016-08-10,20.09000015258789,2015-09-29,false,false,251
2016-09-15,25.520000457763672,28.309999465942383,2016-08-10,20.09000015258789,2015-09-29,false,false,251
2016-09-16,25.420000076293945,28.309999465942383,2016-08-10,20.09000015258789,2015-09-29,false,false,251
2016-09-19,25.75,28.309999465942383,2016-08-10,20.09000015258789,2015-09-29,false,false,251
2016-09-20,26.15999984741211,28.309999465942383,2016-08-10,20.09000015258789,2015-09-29,false,false,251
2016-09-21,26.889999389648438,28.309999465942383,2016-08-10,20.09000015258789,2015-09-29,false,false,251
2016-09-22,27.040000915527344,28.309999465942383,2016-08-10,20.09000015258789,2015-09-29,false,false,251
2016-09-23,27.059999465942383,28.309999465942383,2016-08-10,20.09000015258789,2015-09-29,false,false,251
2016-09-26,26.350000381469727,28.309999465942383,2016-08-10,20.09000015258789,2015-09-29,false,false,251
2016-09-27,26.5,28.309999465942383,2016-08-10,20.09000015258789,2015-09-29,false,false,251
2016-09-28,26.15999984741211,28.309999465942383,2016-08-10,20.09000015258789,2015-09-29,false,false,251
2016-09-29,25.18000030517578,28.309999465942383,2016-08-10,20.280000686645508,2015-12-11,false,false,251
2016-09-30,24.3799991607666,28.309999465942383,2016-08-10,20.280000686645508,2015-12-11,false,false,251
2016-10-03,24.34000015258789,28.309999465942383,2016-08-10,20.280000686645508,2015-12-11,false,false,251
2016-10-04,24.09000015258789,28.309999465942383,2016-08-10,20.280000686645508,2015-12-11,false,false,251
2016-10-05,23.889999389648438,28.309999465942383,2016-08-10,20.280000686645508,2015-12-11,false,false,251
2016-10-06,23.350000381469727,28.309999465942383,2016-08-10,20.280000686645508,2015-12-11,false,false,251
2016-10-07,23.170000076293945,28.309999465942383,2016-08-10,20.280000686645508,2015-12-11,false,false,251
2016-10-10,23.100000381469727,28.309999465942383,2016-08-10,20.280000686645508,2015-12-11,false,false,251
2016-10-11,22.8700008392334,28.309999465942383,2016-08-10,20.280000686645508,2015-12-11,false,false,251
2016-10-12,22.719999313354492,28.309999465942383,2016-08-10,20.280000686645508,2015-12-11,false,false,251
2016-10-13,22.65999984741211,28.309999465942383,2016-08-10,20.280000686645508,2015-12-11,false,false,251
2016-10-14,22.700000762939453,28.309999465942383,2016-08-10,20.280000686645508,2015-12-11,false,false,251
2016-10-17,23.270000457763672,28.309999465942383,2016-08-10,20.280000686645508,2015-12-11,false,false,251
2016-10-18,23.43000030517578,28.309999465942383,2016-08-10,20.280000686645508,2015-12-11,false,false,251
2016-10-19,23.25,28.309999465942383,2016-08-10,20.280000686645508,2015-12-11,false,false,251
2016-10-20,23.1200008392334,28.309999465942383,2016-08-10,20.280000686645508,2015-12-11,false,false,251
2016-10-21,22.8799991607666,28.309999465942383,2016-08-10,20.280000686645508,2015-12-11,false,false,251
2016-10-24,22.5,28.309999465942383,2016-08-10,20.280000686645508,2015-12-11,false,false,251
2016-10-25,22.549999237060547,28.309999465942383,2016-08-10,20.280000686645508,2015-12-11,false,false,251
2016-10-26,22.399999618530273,28.309999465942383,2016-08-10,20.280000686645508,2015-12-11,false,false,251
2016-10-27,22.15999984741211,28.309999465942383,2016-08-10,20.280000686645508,2015-12-11,false,false,251
2016-10-28,21.799999237060547,28.309999465942383,2016-08-10,20.280000686645508,2015-12-11,false,false,251
2016-10-31,21.809999465942383,28.309999465942383,2016-08-10,20.280000686645508,2015-12-11,false,false,251
2016-11-01,21.540000915527344,28.309999465942383,2016-08-10,20.280000686645508,2015-12-11,false,false,251
2016-11-02,21.540000915527344,28.309999465942383,2016-08-10,20.280000686645508,2015-12-11,false,false,251
2016-11-03,21.540000915527344,28.309999465942383,2016-08-10,20.280000686645508,2015-12-11,false,false,251
2016-11-04,20.510000228881836,28.309999465942383,2016-08-10,20.280000686645508,2015-12-11,false,false,251
2016-11-07,20.520000457763672,28.309999465942383,2016-08-10,20.280000686645508,2015-12-11,false,false,251
2016-11-08,20.670000076293945,28.309999465942383,2016-08-10,20.280000686645508,2015-12-11,false,false,251
2016-11-09,20.260000228881836,28.309999465942383,2016-08-10,20.260000228881836,2016-11-09,false,true,251
2016-11-10,20.049999237060547,28.309999465942383,2016-08-10,20.049999237060547,2016-11-10,false,true,251
2016-11-11,19.809999465942383,28.309999465942383,2016-08-10,19.809999465942383,2016-11-11,false,true,251
2016-11-14,19.690000534057617,28.309999465942383,2016-08-10,19.690000534057617,2016-11-14,false,true,251
2016-11-15,20.469999313354492,28.309999465942383,2016-08-10,19.690000534057617,2016-11-14,false,false,251
2016-11-16,20.34000015258789,28.309999465942383,2016-08-10,19.690000534057617,2016-11-14,false,false,251
2016-11-17,19.979999542236328,28.309999465942383,2016-08-10,19.690000534057617,2016-11-14,false,false,251
2016-11-18,19.81999969482422,28.309999465942383,2016-08-10,19.690000534057617,2016-11-14,false,false,251
2016-11-21,20.280000686645508,28.309999465942383,2016-08-10,19.690000534057617,2016-11-14,false,false,251
2016-11-22,20.25,28.309999465942383,2016-08-10,19.690000534057617,2016-11-14,false,false,251
2016-11-23,20.059999465942383,28.309999465942383,2016-08-10,19.690000534057617,2016-11-14,false,false,251
2016-11-25,20.260000228881836,28.309999465942383,2016-08-10,19.690000534057617,2016-11-14,false,false,251
2016-11-28,20.420000076293945,28.309999465942383,2016-08-10,19.690000534057617,2016-11-14,false,false,251
2016-11-29,20.239999771118164,28.309999465942383,2016-08-10,19.690000534057617,2016-11-14,false,false,251
2016-11-30,19.790000915527344,28.309999465942383,2016-08-10,19.690000534057617,2016-11-14,false,false,251
2016-12-01,18.90999984741211,28.309999465942383,2016-08-10,18.90999984741211,2016-12-01,false,true,251
2016-12-02,18.6200008392334,28.309999465942383,2016-08-10,18.6200008392334,2016-12-02,false,true,251
2016-12-05,18.760000228881836,28.309999465942383,2016-08-10,18.6200008392334,2016-12-02,false,false,251
2016-12-06,19.149999618530273,28.309999465942383,2016-08-10,18.6200008392334,2016-12-02,false,false,251
2016-12-07,19.260000228881836,28.309999465942383,2016-08-10,18.6200008392334,2016-12-02,false,false,251
2016-12-08,19.260000228881836,28.309999465942383,2016-08-10,18.6200008392334,2016-12-02,false,false,251
2016-12-09,19.719999313354492,28.309999465942383,2016-08-10,18.6200008392334,2016-12-02,false,false,251
2016-12-12,19.690000534057617,28.309999465942383,2016-08-10,18.6200008392334,2016-12-02,false,false,251
2016-12-13,19.420000076293945,28.309999465942383,2016-08-10,18.6200008392334,2016-12-02,false,false,251
2016-12-14,19.420000076293945,28.309999465942383,2016-08-10,18.6200008392334,2016-12-02,false,false,251
2016-12-15,19.5,28.309999465942383,2016-08-10,18.6200008392334,2016-12-02,false,false,251
2016-12-16,19.489999771118164,28.309999465942383,2016-08-10,18.6200008392334,2016-12-02,false,false,251
2016-12-19,19.260000228881836,28.309999465942383,2016-08-10,18.6200008392334,2016-12-02,false,false,251
2016-12-20,19.440000534057617,28.309999465942383,2016-08-10,18.6200008392334,2016-12-02,false,false,251
2016-12-21,19.15999984741211,28.309999465942383,2016-08-10,18.6200008392334,2016-12-02,false,false,251
2016-12-22,19.040000915527344,28.309999465942383,2016-08-10,18.6200008392334,2016-12-02,false,false,251
2016-12-23,19.219999313354492,28.309999465942383,2016-08-10,18.6200008392334,2016-12-02,false,false,251
2016-12-27,19.25,28.309999465942383,2016-08-10,18.6200008392334,2016-12-02,false,false,251
2016-12-28,18.5,28.309999465942383,2016-08-10,18.5,2016-12-28,false,true,251
2016-12-29,18.6299991607666,28.309999465942383,2016-08-10,18.5,2016-12-28,false,false,251
2016-12-30,18.479999542236328,28.309999465942383,2016-08-10,18.479999542236328,2016-12-30,false,true,251
2017-01-03,18.639999389648438,28.309999465942383,2016-08-10,18.479999542236328,2016-12-30,false,false,251
2017-01-04,18.3799991607666,28.309999465942383,2016-08-10,18.3799991607666,2017-01-04,false,true,251
2017-01-05,18.780000686645508,28.309999465942383,2016-08-10,18.3799991607666,2017-01-04,false,false,251
2017-01-06,18.469999313354492,28.309999465942383,2016-08-10,18.3799991607666,2017-01-04,false,false,251
2017-01-09,17.809999465942383,28.309999465942383,2016-08-10,17.809999465942383,2017-01-09,false,true,251
2017-01-10,17.93000030517578,28.309999465942383,2016-08-10,17.809999465942383,2017-01-09,false,false,251
2017-01-11,18.270000457763672,28.309999465942383,2016-08-10,17.809999465942383,2017-01-09,false,false,251
2017-01-12,18.43000030517578,28.309999465942383,2016-08-10,17.809999465942383,2017-01-09,false,false,251
2017-01-13,18.739999771118164,28.309999465942383,2016-08-10,17.809999465942383,2017-01-09,false,false,251
2017-01-17,18.799999237060547,28.309999465942383,2016-08-10,17.809999465942383,2017-01-09,false,false,251
2017-01-18,18.350000381469727,28.309999465942383,2016-08-10,17.809999465942383,2017-01-09,false,false,251
2017-01-19,18.200000762939453,28.309999465942383,2016-08-10,17.809999465942383,2017-01-09,false,false,251
2017-01-20,18.290000915527344,28.309999465942383,2016-08-10,17.809999465942383,2017-01-09,false,false,251
2017-01-23,18.290000915527344,28.309999465942383,2016-08-10,17.809999465942383,2017-01-09,false,false,251
2017-01-24,18.579999923706055,28.309999465942383,2016-08-10,17.809999465942383,2017-01-09,false,false,251
2017-01-25,18.389999389648438,28.309999465942383,2016-08-10,17.809999465942383,2017-01-09,false,false,251
2017-01-26,18.360000610351562,28.309999465942383,2016-08-10,17.809999465942383,2017-01-09,false,false,251
2017-01-27,18.100000381469727,28.309999465942383,2016-08-10,17.809999465942383,2017-01-09,false,false,251
2017-01-30,18.239999771118164,28.309999465942383,2016-08-10,17.809999465942383,2017-01-09,false,false,251
2017-01-31,18.34000015258789,28.309999465942383,2016-08-10,17.809999465942383,2017-01-09,false,false,251
2017-02-01,18.209999084472656,28.309999465942383,2016-08-10,17.809999465942383,2017-01-09,false,false,251
2017-02-02,18.360000610351562,28.309999465942383,2016-08-10,17.809999465942383,2017-01-09,false,false,251
2017-02-03,18.290000915527344,28.309999465942383,2016-08-10,17.809999465942383,2017-01-09,false,false,251
2017-02-06,17.969999313354492,28.309999465942383,2016-08-10,17.809999465942383,2017-01-09,false,false,251
2017-02-07,17.719999313354492,28.309999465942383,2016-08-10,17.719999313354492,2017-02-07,false,true,251
2017-02-08,17.579999923706055,28.309999465942383,2016-08-10,17.579999923706055,2017-02-08,false,true,251
2017-02-09,17.530000686645508,28.309999465942383,2016-08-10,17.530000686645508,2017-02-09,false,true,251
2017-02-10,18,28.309999465942383,2016-08-10,17.530000686645508,2017-02-09,false,false,251
2017-02-13,17.899999618530273,28.309999465942383,2016-08-10,17.530000686645508,2017-02-09,false,false,251
2017-02-14,17.860000610351562,28.309999465942383,2016-08-10,17.530000686645508,2017-02-09,false,false,252
2017-02-15,17.790000915527344,28.309999465942383,2016-08-10,17.530000686645508,2017-02-09,false,false,252
2017-02-16,17.790000915527344,28.309999465942383,2016-08-10,17.530000686645508,2017-02-09,false,false,252
2017-02-17,17.809999465942383,28.309999465942383,2016-08-10,17.530000686645508,2017-02-09,false,false,252
2017-02-21,19,28.309999465942383,2016-08-10,17.530000686645508,2017-02-09,false,false,251
2017-02-22,18.709999084472656,28.309999465942383,2016-08-10,17.530000686645508,2017-02-09,false,false,251
2017-02-23,19.1200008392334,28.309999465942383,2016-08-10,17.530000686645508,2017-02-09,false,false,251
2017-02-24,19.059999465942383,28.309999465942383,2016-08-10,17.530000686645508,2017-02-09,false,false,251
2017-02-27,19.200000762939453,28.309999465942383,2016-08-10,17.530000686645508,2017-02-09,false,false,251
2017-02-28,18.979999542236328,28.309999465942383,2016-08-10,17.530000686645508,2017-02-09,false,false,251
2017-03-01,18.84000015258789,28.309999465942383,2016-08-10,17.530000686645508,2017-02-09,false,false,251
2017-03-02,18.399999618530273,28.309999465942383,2016-08-10,17.530000686645508,2017-02-09,false,false,251
2017-03-03,18.670000076293945,28.309999465942383,2016-08-10,17.530000686645508,2017-02-09,false,false,251
2017-03-06,18.1299991607666,28.309999465942383,2016-08-10,17.530000686645508,2017-02-09,false,false,251
2017-03-07,18.149999618530273,28.309999465942383,2016-08-10,17.530000686645508,2017-02-09,false,false,251
2017-03-08,17.899999618530273,28.309999465942383,2016-08-10,17.530000686645508,2017-02-09,false,false,251
2017-03-09,17.799999237060547,28.309999465942383,2016-08-10,17.530000686645508,2017-02-09,false,false,251
2017-03-10,18.020000457763672,28.309999465942383,2016-08-10,17.530000686645508,2017-02-09,false,false,251
2017-03-13,18.719999313354492,28.309999465942383,2016-08-10,17.530000686645508,2017-02-09,false,false,251
2017-03-14,18.420000076293945,28.309999465942383,2016-08-10,17.530000686645508,2017-02-09,false,false,251
2017-03-15,19.020000457763672,28.309999465942383,2016-08-10,17.530000686645508,2017-02-09,false,false,251
2017-03-16,19.1299991607666,28.309999465942383,2016-08-10,17.530000686645508,2017-02-09,false,false,251
2017-03-17,19.770000457763672,28.309999465942383,2016-08-10,17.530000686645508,2017-02-09,false,false,251
2017-03-20,20.190000534057617,28.309999465942383,2016-08-10,17.530000686645508,2017-02-09,false,false,251
2017-03-21,20.200000762939453,28.309999465942383,2016-08-10,17.530000686645508,2017-02-09,false,false,251
2017-03-22,20.850000381469727,28.309999465942383,2016-08-10,17.530000686645508,2017-02-09,false,false,251
2017-03-23,21.350000381469727,28.309999465942383,2016-08-10,17.530000686645508,2017-02-09,false,false,251
2017-03-24,21.049999237060547,28.309999465942383,2016-08-10,17.530000686645508,2017-02-09,false,false,251
2017-03-27,21.239999771118164,28.309999465942383,2016-08-10,17.530000686645508,2017-02-09,false,false,252
2017-03-28,20.899999618530273,28.309999465942383,2016-08-10,17.530000686645508,2017-02-09,false,false,252
2017-03-29,20.799999237060547,28.309999465942383,2016-08-10,17.530000686645508,2017-02-09,false,false,252
2017-03-30,20.709999084472656,28.309999465942383,2016-08-10,17.530000686645508,2017-02-09,false,false,252
2017-03-31,20.729999542236328,28.309999465942383,2016-08-10,17.530000686645508,2017-02-09,false,false,252
2017-04-03,20.799999237060547,28.309999465942383,2016-08-10,17.530000686645508,2017-02-09,false,false,252
2017-04-04,20.43000030517578,28.309999465942383,2016-08-10,17.530000686645508,2017-02-09,false,false,252
2017-04-05,20.399999618530273,28.309999465942383,2016-08-10,17.530000686645508,2017-02-09,false,false,252
2017-04-06,20.100000381469727,28.309999465942383,2016-08-10,17.530000686645508,2017-02-09,false,false,252
2017-04-07,19.549999237060547,28.309999465942383,2016-08-10,17.530000686645508,2017-02-09,false,false,252
2017-04-10,19.3700008392334,28.309999465942383,2016-08-10,17.530000686645508,2017-02-09,false,false,252
2017-04-11,19.389999389648438,28.309999465942383,2016-08-10,17.530000686645508,2017-02-09,false,false,252
2017-04-12,19.229999542236328,28.309999465942383,2016-08-10,17.530000686645508,2017-02-09,false,false,252
2017-04-13,19.84000015258789,28.309999465942383,2016-08-10,17.530000686645508,2017-02-09,false,false,252
2017-04-17,19.809999465942383,28.309999465942383,2016-08-10,17.530000686645508,2017-02-09,false,false,251
2017-04-18,19.600000381469727,28.309999465942383,2016-08-10,17.530000686645508,2017-02-09,false,false,251
2017-04-19,19.280000686645508,28.309999465942383,2016-08-10,17.530000686645508,2017-02-09,false,false,251
2017-04-20,19.299999237060547,28.309999465942383,2016-08-10,17.530000686645508,2017-02-09,false,false,251
2017-04-21,19.360000610351562,28.309999465942383,2016-08-10,17.530000686645508,2017-02-09,false,false,251
2017-04-24,19.450000762939453,28.309999465942383,2016-08-10,17.530000686645508,2017-02-09,false,false,251
2017-04-25,19.6200008392334,28.309999465942383,2016-08-10,17.530000686645508,2017-02-09,false,false,251
2017-04-26,19.610000610351562,28.309999465942383,2016-08-10,17.530000686645508,2017-02-09,false,false,251
2017-04-27,20.020000457763672,28.309999465942383,2016-08-10,17.530000686645508,2017-02-09,false,false,251
2017-04-28,19.809999465942383,28.309999465942383,2016-08-10,17.530000686645508,2017-02-09,false,false,251
2017-05-01,19.75,28.309999465942383,2016-08-10,17.530000686645508,2017-02-09,false,false,251
2017-05-02,19.809999465942383,28.309999465942383,2016-08-10,17.530000686645508,2017-02-09,false,false,251
2017-05-03,19.799999237060547,28.309999465942383,2016-08-10,17.530000686645508,2017-02-09,false,false,251
2017-05-04,19.59000015258789,28.309999465942383,2016-08-10,17.530000686645508,2017-02-09,false,false,251
2017-05-05,19.610000610351562,28.309999465942383,2016-08-10,17.530000686645508,2017-02-09,false,false,251
2017-05-08,19.989999771118164,28.309999465942383,2016-08-10,17.530000686645508,2017-02-09,false,false,251
2017-05-09,19.809999465942383,28.309999465942383,2016-08-10,17.530000686645508,2017-02-09,false,false,251
2017-05-10,18.790000915527344,28.309999465942383,2016-08-10,17.530000686645508,2017-02-09,false,false,251
2017-05-11,19.25,28.309999465942383,2016-08-10,17.530000686645508,2017-02-09,false,false,251
2017-05-12,19.3799991607666,28.309999465942383,2016-08-10,17.530000686645508,2017-02-09,false,false,251
2017-05-15,19.3799991607666,28.309999465942383,2016-08-10,17.530000686645508,2017-02-09,false,false,251
2017-05-16,18.540000915527344,28.309999465942383,2016-08-10,17.530000686645508,2017-02-09,false,false,251
2017-05-17,18.809999465942383,28.309999465942383,2016-08-10,17.530000686645508,2017-02-09,false,false,251
2017-05-18,18.34000015258789,28.309999465942383,2016-08-10,17.530000686645508,2017-02-09,false,false,251
2017-05-19,19.1299991607666,28.309999465942383,2016-08-10,17.530000686645508,2017-02-09,false,false,251
2017-05-22,18.399999618530273,28.309999465942383,2016-08-10,17.530000686645508,2017-02-09,false,false,251
2017-05-23,18.59000015258789,28.309999465942383,2016-08-10,17.530000686645508,2017-02-09,false,false,251
2017-05-24,18.920000076293945,28.309999465942383,2016-08-10,17.530000686645508,2017-02-09,false,false,251
2017-05-25,19,28.309999465942383,2016-08-10,17.530000686645508,2017-02-09,false,false,251
2017-05-26,19.020000457763672,28.309999465942383,2016-08-10,17.530000686645508,2017-02-09,false,false,251
2017-05-30,18.81999969482422,28.309999465942383,2016-08-10,17.530000686645508,2017-02-09,false,false,251
2017-05-31,19.15999984741211,28.309999465942383,2016-08-10,17.530000686645508,2017-02-09,false,false,251
2017-06-01,19.610000610351562,28.309999465942383,2016-08-10,17.530000686645508,2017-02-09,false,false,251
2017-06-02,19.43000030517578,28.309999465942383,2016-08-10,17.530000686645508,2017-02-09,false,false,251
2017-06-05,19.280000686645508,28.309999465942383,2016-08-10,17.530000686645508,2017-02-09,false,false,251
2017-06-06,19.25,28.309999465942383,2016-08-10,17.530000686645508,2017-02-09,false,false,251
2017-06-07,19.149999618530273,28.309999465942383,2016-08-10,17.530000686645508,2017-02-09,false,false,251
2017-06-08,19.440000534057617,28.309999465942383,2016-08-10,17.530000686645508,2017-02-09,false,false,251
2017-06-09,19.510000228881836,28.309999465942383,2016-08-10,17.530000686645508,2017-02-09,false,false,251
2017-06-12,19.399999618530273,28.309999465942383,2016-08-10,17.530000686645508,2017-02-09,false,false,251
2017-06-13,19.450000762939453,28.309999465942383,2016-08-10,17.530000686645508,2017-02-09,false,false,251
2017-06-14,19.299999237060547,28.309999465942383,2016-08-10,17.530000686645508,2017-02-09,false,false,251
2017-06-15,19.209999084472656,28.309999465942383,2016-08-10,17.530000686645508,2017-02-09,false,false,251
2017-06-16,19.15999984741211,28.309999465942383,2016-08-10,17.530000686645508,2017-02-09,false,false,251
2017-06-19,18.579999923706055,28.309999465942383,2016-08-10,17.530000686645508,2017-02-09,false,false,251
2017-06-20,18.309999465942383,28.309999465942383,2016-08-10,17.530000686645508,2017-02-09,false,false,251
2017-06-21,18.389999389648438,28.309999465942383,2016-08-10,17.530000686645508,2017-02-09,false,false,251
2017-06-22,18.59000015258789,28.309999465942383,2016-08-10,17.530000686645508,2017-02-09,false,false,251
2017-06-23,18.6200008392334,28.309999465942383,2016-08-10,17.530000686645508,2017-02-09,false,false,251
2017-06-26,18.649999618530273,28.309999465942383,2016-08-10,17.530000686645508,2017-02-09,false,false,251
2017-06-27,18.229999542236328,28.309999465942383,2016-08-10,17.530000686645508,2017-02-09,false,false,251
2017-06-28,18.149999618530273,28.309999465942383,2016-08-10,17.530000686645508,2017-02-09,false,false,251
2017-06-29,17.81999969482422,28.309999465942383,2016-08-10,17.530000686645508,2017-02-09,false,false,251
2017-06-30,17.969999313354492,28.309999465942383,2016-08-10,17.530000686645508,2017-02-09,false,false,251
2017-07-03,17.84000015258789,28.309999465942383,2016-08-10,17.530000686645508,2017-02-09,false,false,251
2017-07-05,18.549999237060547,28.309999465942383,2016-08-10,17.530000686645508,2017-02-09,false,false,251
2017-07-06,18.1299991607666,28.309999465942383,2016-08-10,17.530000686645508,2017-02-09,false,false,251
2017-07-07,18.420000076293945,28.309999465942383,2016-08-10,17.530000686645508,2017-02-09,false,false,251
2017-07-10,18.389999389648438,28.309999465942383,2016-08-10,17.530000686645508,2017-02-09,false,false,251
2017-07-11,18.610000610351562,28.309999465942383,2016-08-10,17.530000686645508,2017-02-09,false,false,251
2017-07-12,18.6299991607666,28.309999465942383,2016-08-10,17.530000686645508,2017-02-09,false,false,251
2017-07-13,18.610000610351562,28.309999465942383,2016-08-10,17.530000686645508,2017-02-09,false,false,251
2017-07-14,18.68000030517578,28.309999465942383,2016-08-10,17.530000686645508,2017-02-09,false,false,251
2017-07-17,18.920000076293945,28.309999465942383,2016-08-10,17.530000686645508,2017-02-09,false,false,251
2017-07-18,19.059999465942383,28.309999465942383,2016-08-10,17.530000686645508,2017-02-09,false,false,251
2017-07-19,19.190000534057617,28.309999465942383,2016-08-10,17.530000686645508,2017-02-09,false,false,251
2017-07-20,19.809999465942383,28.309999465942383,2016-08-10,17.530000686645508,2017-02-09,false,false,251
2017-07-21,20.190000534057617,28.309999465942383,2016-08-10,17.530000686645508,2017-02-09,false,false,251
2017-07-24,20.229999542236328,28.309999465942383,2016-08-10,17.530000686645508,2017-02-09,false,false,251
2017-07-25,20.170000076293945,28.309999465942383,2016-08-10,17.530000686645508,2017-02-09,false,false,251
2017-07-26,20.280000686645508,28.309999465942383,2016-08-10,17.530000686645508,2017-02-09,false,false,251
2017-07-27,20.3799991607666,28.309999465942383,2016-08-10,17.530000686645508,2017-02-09,false,false,251
2017-07-28,20.020000457763672,28.309999465942383,2016-08-10,17.530000686645508,2017-02-09,false,false,251
2017-07-31,20.06999969482422,28.309999465942383,2016-08-10,17.530000686645508,2017-02-09,false,false,251
2017-08-01,20.100000381469727,28.309999465942383,2016-08-10,17.530000686645508,2017-02-09,false,false,251
2017-08-02,19.6299991607666,28.309999465942383,2016-08-10,17.530000686645508,2017-02-09,false,false,251
2017-08-03,19.440000534057617,28.309999465942383,2016-08-10,17.530000686645508,2017-02-09,false,false,251
2017-08-04,19.65999984741211,28.309999465942383,2016-08-10,17.530000686645508,2017-02-09,false,false,251
2017-08-07,19.329999923706055,28.309999465942383,2016-08-10,17.530000686645508,2017-02-09,false,false,251
2017-08-08,19.68000030517578,28.309999465942383,2016-08-10,17.530000686645508,2017-02-09,false,false,251
2017-08-09,19.299999237060547,28.309999465942383,2016-08-10,17.530000686645508,2017-02-09,false,false,251
2017-08-10,19.100000381469727,28.309999465942383,2016-08-10,17.530000686645508,2017-02-09,false,false,251
2017-08-11,19.18000030517578,27.059999465942383,2016-09-23,17.530000686645508,2017-02-09,false,false,251
2017-08-14,19.049999237060547,27.059999465942383,2016-09-23,17.530000686645508,2017-02-09,false,false,251
2017-08-15,19.15999984741211,27.059999465942383,2016-09-23,17.530000686645508,2017-02-09,false,false,251
2017-08-16,19.31999969482422,27.059999465942383,2016-09-23,17.530000686645508,2017-02-09,false,false,251
2017-08-17,19.219999313354492,27.059999465942383,2016-09-23,17.530000686645508,2017-02-09,false,false,251
2017-08-18,19.59000015258789,27.059999465942383,2016-09-23,17.530000686645508,2017-02-09,false,false,251
2017-08-21,19.43000030517578,27.059999465942383,2016-09-23,17.530000686645508,2017-02-09,false,false,251
2017-08-22,19.40999984741211,27.059999465942383,2016-09-23,17.530000686645508,2017-02-09,false,false,251
2017-08-23,19.450000762939453,27.059999465942383,2016-09-23,17.530000686645508,2017-02-09,false,false,251
2017-08-24,19.510000228881836,27.059999465942383,2016-09-23,17.530000686645508,2017-02-09,false,false,251
2017-08-25,19.639999389648438,27.059999465942383,2016-09-23,17.530000686645508,2017-02-09,false,false,251
2017-08-28,19.649999618530273,27.059999465942383,2016-09-23,17.530000686645508,2017-02-09,false,false,251
2017-08-29,19.3799991607666,27.059999465942383,2016-09-23,17.530000686645508,2017-02-09,false,false,251
2017-08-30,19.479999542236328,27.059999465942383,2016-09-23,17.530000686645508,2017-02-09,false,false,251
2017-08-31,19.350000381469727,27.059999465942383,2016-09-23,17.530000686645508,2017-02-09,false,false,251
2017-09-01,19.34000015258789,27.059999465942383,2016-09-23,17.530000686645508,2017-02-09,false,false,251
2017-09-05,18.549999237060547,27.059999465942383,2016-09-23,17.530000686645508,2017-02-09,false,false,251
2017-09-06,18.3799991607666,27.059999465942383,2016-09-23,17.530000686645508,2017-02-09,false,false,251
2017-09-07,18.3799991607666,27.059999465942383,2016-09-23,17.530000686645508,2017-02-09,false,false,251
2017-09-08,18.1200008392334,27.059999465942383,2016-09-23,17.530000686645508,2017-02-09,false,false,251
2017-09-11,18.25,27.059999465942383,2016-09-23,17.530000686645508,2017-02-09,false,false,251
2017-09-12,18.25,27.059999465942383,2016-09-23,17.530000686645508,2017-02-09,false,false,251
2017-09-13,17.969999313354492,27.059999465942383,2016-09-23,17.530000686645508,2017-02-09,false,false,251
2017-09-14,17.84000015258789,27.059999465942383,2016-09-23,17.530000686645508,2017-02-09,false,false,251
2017-09-15,18.239999771118164,27.059999465942383,2016-09-23,17.530000686645508,2017-02-09,false,false,251
2017-09-18,17.899999618530273,27.059999465942383,2016-09-23,17.530000686645508,2017-02-09,false,false,251
2017-09-19,17.59000015258789,27.059999465942383,2016-09-23,17.530000686645508,2017-02-09,false,false,251
2017-09-20,17.520000457763672,27.059999465942383,2016-09-23,17.520000457763672,2017-09-20,false,true,251
2017-09-21,17.5,27.059999465942383,2016-09-23,17.5,2017-09-21,false,true,251
2017-09-22,17.3700008392334,27.059999465942383,2016-09-23,17.3700008392334,2017-09-22,false,true,251
2017-09-25,16.920000076293945,27.059999465942383,2016-09-23,16.920000076293945,2017-09-25,false,true,251
2017-09-26,16.950000762939453,26.5,2016-09-27,16.920000076293945,2017-09-25,false,false,251
2017-09-27,16.790000915527344,26.5,2016-09-27,16.790000915527344,2017-09-27,false,true,251
2017-09-28,16.729999542236328,25.18000030517578,2016-09-29,16.729999542236328,2017-09-28,false,true,251
2017-09-29,16.760000228881836,25.18000030517578,2016-09-29,16.729999542236328,2017-09-28,false,false,251
2017-10-02,16.780000686645508,24.34000015258789,2016-10-03,16.729999542236328,2017-09-28,false,false,251
2017-10-03,16.8700008392334,24.34000015258789,2016-10-03,16.729999542236328,2017-09-28,false,false,251
2017-10-04,16.889999389648438,23.889999389648438,2016-10-05,16.729999542236328,2017-09-28,false,false,251
2017-10-05,16.93000030517578,23.889999389648438,2016-10-05,16.729999542236328,2017-09-28,false,false,251
2017-10-06,16.860000610351562,23.43000030517578,2016-10-18,16.729999542236328,2017-09-28,false,false,251
2017-10-09,16.899999618530273,23.43000030517578,2016-10-18,16.729999542236328,2017-09-28,false,false,251
2017-10-10,16.950000762939453,23.43000030517578,2016-10-18,16.729999542236328,2017-09-28,false,false,251
2017-10-11,16.639999389648438,23.43000030517578,2016-10-18,16.639999389648438,2017-10-11,false,true,251
2017-10-12,16.600000381469727,23.43000030517578,2016-10-18,16.600000381469727,2017-10-12,false,true,251
2017-10-13,17.239999771118164,23.43000030517578,2016-10-18,16.600000381469727,2017-10-12,false,false,251
2017-10-16,17.40999984741211,23.43000030517578,2016-10-18,16.600000381469727,2017-10-12,false,false,251
2017-10-17,17.610000610351562,23.43000030517578,2016-10-18,16.600000381469727,2017-10-12,false,false,251
2017-10-18,17.5,23.43000030517578,2016-10-18,16.600000381469727,2017-10-12,false,false,251
2017-10-19,18.049999237060547,23.1200008392334,2016-10-20,16.600000381469727,2017-10-12,false,false,251
2017-10-20,18.219999313354492,23.1200008392334,2016-10-20,16.600000381469727,2017-10-12,false,false,251
2017-10-23,17.809999465942383,22.549999237060547,2016-10-25,16.600000381469727,2017-10-12,false,false,251
2017-10-24,17.829999923706055,22.549999237060547,2016-10-25,16.600000381469727,2017-10-12,false,false,251
2017-10-25,17.809999465942383,22.549999237060547,2016-10-25,16.600000381469727,2017-10-12,false,false,251
2017-10-26,17.3799991607666,22.15999984741211,2016-10-27,16.600000381469727,2017-10-12,false,false,251
2017-10-27,17.450000762939453,22.15999984741211,2016-10-27,16.600000381469727,2017-10-12,false,false,251
2017-10-30,17.479999542236328,21.809999465942383,2016-10-31,16.600000381469727,2017-10-12,false,false,251
2017-10-31,17.6200008392334,21.809999465942383,2016-10-31,16.600000381469727,2017-10-12,false,false,251
2017-11-01,17.389999389648438,21.540000915527344,2016-11-03,16.600000381469727,2017-10-12,false,false,251
2017-11-02,17.360000610351562,21.540000915527344,2016-11-03,16.600000381469727,2017-10-12,false,false,251
2017-11-03,17.600000381469727,21.540000915527344,2016-11-03,16.600000381469727,2017-10-12,false,false,251
2017-11-06,17.520000457763672,21.350000381469727,2017-03-23,16.600000381469727,2017-10-12,false,false,251
2017-11-07,17.31999969482422,21.350000381469727,2017-03-23,16.600000381469727,2017-10-12,false,false,251
2017-11-08,17.270000457763672,21.350000381469727,2017-03-23,16.600000381469727,2017-10-12,false,false,251
2017-11-09,17.280000686645508,21.350000381469727,2017-03-23,16.600000381469727,2017-10-12,false,false,251
2017-11-10,17.309999465942383,21.350000381469727,2017-03-23,16.600000381469727,2017-10-12,false,false,251
2017-11-13,17.170000076293945,21.350000381469727,2017-03-23,16.600000381469727,2017-10-12,false,false,251
2017-11-14,17.149999618530273,21.350000381469727,2017-03-23,16.600000381469727,2017-10-12,false,false,251
2017-11-15,17.110000610351562,21.350000381469727,2017-03-23,16.600000381469727,2017-10-12,false,false,251
2017-11-16,17.329999923706055,21.350000381469727,2017-03-23,16.600000381469727,2017-10-12,false,false,251
2017-11-17,17.350000381469727,21.350000381469727,2017-03-23,16.600000381469727,2017-10-12,false,false,251
2017-11-20,16.93000030517578,21.350000381469727,2017-03-23,16.600000381469727,2017-10-12,false,false,251
2017-11-21,17.139999389648438,21.350000381469727,2017-03-23,16.600000381469727,2017-10-12,false,false,251
2017-11-22,17.200000762939453,21.350000381469727,2017-03-23,16.600000381469727,2017-10-12,false,false,251
2017-11-24,17.469999313354492,21.350000381469727,2017-03-23,16.600000381469727,2017-10-12,false,false,251
2017-11-27,17.639999389648438,21.350000381469727,2017-03-23,16.600000381469727,2017-10-12,false,false,251
2017-11-28,17.790000915527344,21.350000381469727,2017-03-23,16.600000381469727,2017-10-12,false,false,251
2017-11-29,17.6200008392334,21.350000381469727,2017-03-23,16.600000381469727,2017-10-12,false,false,251
2017-11-30,17.450000762939453,21.350000381469727,2017-03-23,16.600000381469727,2017-10-12,false,false,251
2017-12-01,17.56999969482422,21.350000381469727,2017-03-23,16.600000381469727,2017-10-12,false,false,251
2017-12-04,17.450000762939453,21.350000381469727,2017-03-23,16.600000381469727,2017-10-12,false,false,251
2017-12-05,17.719999313354492,21.350000381469727,2017-03-23,16.600000381469727,2017-10-12,false,false,251
2017-12-06,17.6200008392334,21.350000381469727,2017-03-23,16.600000381469727,2017-10-12,false,false,251
2017-12-07,17.790000915527344,21.350000381469727,2017-03-23,16.600000381469727,2017-10-12,false,false,251
2017-12-08,17.479999542236328,21.350000381469727,2017-03-23,16.600000381469727,2017-10-12,false,false,251
2017-12-11,17.579999923706055,21.350000381469727,2017-03-23,16.600000381469727,2017-10-12,false,false,251
2017-12-12,17.489999771118164,21.350000381469727,2017-03-23,16.600000381469727,2017-10-12,false,false,251
2017-12-13,17.739999771118164,21.350000381469727,2017-03-23,16.600000381469727,2017-10-12,false,false,251
2017-12-14,18.06999969482422,21.350000381469727,2017-03-23,16.600000381469727,2017-10-12,false,false,251
2017-12-15,17.899999618530273,21.350000381469727,2017-03-23,16.600000381469727,2017-10-12,false,false,251
2017-12-18,17.940000534057617,21.350000381469727,2017-03-23,16.600000381469727,2017-10-12,false,false,251
2017-12-19,17.84000015258789,21.350000381469727,2017-03-23,16.600000381469727,2017-10-12,false,false,251
2017-12-20,18.059999465942383,21.350000381469727,2017-03-23,16.600000381469727,2017-10-12,false,false,251
2017-12-21,17.920000076293945,21.350000381469727,2017-03-23,16.600000381469727,2017-10-12,false,false,251
2017-12-22,17.8700008392334,21.350000381469727,2017-03-23,16.600000381469727,2017-10-12,false,false,251
2017-12-26,18.1299991607666,21.350000381469727,2017-03-23,16.600000381469727,2017-10-12,false,false,251
2017-12-27,18.219999313354492,21.350000381469727,2017-03-23,16.600000381469727,2017-10-12,false,false,251
2017-12-28,17.65999984741211,21.350000381469727,2017-03-23,16.600000381469727,2017-10-12,false,false,251
2017-12-29,17.709999084472656,21.350000381469727,2017-03-23,16.600000381469727,2017-10-12,false,false,251
2018-01-02,17.829999923706055,21.350000381469727,2017-03-23,16.600000381469727,2017-10-12,false,false,251
2018-01-03,17.670000076293945,21.350000381469727,2017-03-23,16.600000381469727,2017-10-12,false,false,251
2018-01-04,17.600000381469727,21.350000381469727,2017-03-23,16.600000381469727,2017-10-12,false,false,251
2018-01-05,17.549999237060547,21.350000381469727,2017-03-23,16.600000381469727,2017-10-12,false,false,251
2018-01-08,17.469999313354492,21.350000381469727,2017-03-23,16.600000381469727,2017-10-12,false,false,251
2018-01-09,17.389999389648438,21.350000381469727,2017-03-23,16.600000381469727,2017-10-12,false,false,251
2018-01-10,17.31999969482422,21.350000381469727,2017-03-23,16.600000381469727,2017-10-12,false,false,251
2018-01-11,17.25,21.350000381469727,2017-03-23,16.600000381469727,2017-10-12,false,false,251
2018-01-12,17.15999984741211,21.350000381469727,2017-03-23,16.600000381469727,2017-10-12,false,false,251
2018-01-16,17.219999313354492,21.350000381469727,2017-03-23,16.600000381469727,2017-10-12,false,false,251
2018-01-17,17.110000610351562,21.350000381469727,2017-03-23,16.600000381469727,2017-10-12,false,false,251
2018-01-18,16.690000534057617,21.350000381469727,2017-03-23,16.600000381469727,2017-10-12,false,false,251
2018-01-19,16.530000686645508,21.350000381469727,2017-03-23,16.530000686645508,2018-01-19,false,true,251
2018-01-22,16.239999771118164,21.350000381469727,2017-03-23,16.239999771118164,2018-01-22,false,true,251
2018-01-23,16.360000610351562,21.350000381469727,2017-03-23,16.239999771118164,2018-01-22,false,false,251
2018-01-24,16.600000381469727,21.350000381469727,2017-03-23,16.239999771118164,2018-01-22,false,false,251
2018-01-25,16.690000534057617,21.350000381469727,2017-03-23,16.239999771118164,2018-01-22,false,false,251
2018-01-26,16.809999465942383,21.350000381469727,2017-03-23,16.239999771118164,2018-01-22,false,false,251
2018-01-29,16.65999984741211,21.350000381469727,2017-03-23,16.239999771118164,2018-01-22,false,false,251
2018-01-30,16.579999923706055,21.350000381469727,2017-03-23,16.239999771118164,2018-01-22,false,false,251
2018-01-31,16.6200008392334,21.350000381469727,2017-03-23,16.239999771118164,2018-01-22,false,false,251
2018-02-01,16.579999923706055,21.350000381469727,2017-03-23,16.239999771118164,2018-01-22,false,false,251
2018-02-02,16.09000015258789,21.350000381469727,2017-03-23,16.09000015258789,2018-02-02,false,true,251
2018-02-05,16.18000030517578,21.350000381469727,2017-03-23,16.09000015258789,2018-02-02,false,false,251
2018-02-06,16.270000457763672,21.350000381469727,2017-03-23,16.09000015258789,2018-02-02,false,false,251
2018-02-07,16.209999084472656,21.350000381469727,2017-03-23,16.09000015258789,2018-02-02,false,false,251
2018-02-08,15.729999542236328,21.350000381469727,2017-03-23,15.729999542236328,2018-02-08,false,true,251
2018-02-09,15.65999984741211,21.350000381469727,2017-03-23,15.65999984741211,2018-02-09,false,true,251
2018-02-12,15.619999885559082,21.350000381469727,2017-03-23,15.619999885559082,2018-02-12,false,true,251
2018-02-13,14.880000114440918,21.350000381469727,2017-03-23,14.880000114440918,2018-02-13,false,true,251
2018-02-14,14.920000076293945,21.350000381469727,2017-03-23,14.880000114440918,2018-02-13,false,false,251
2018-02-15,15.34000015258789,21.350000381469727,2017-03-23,14.880000114440918,2018-02-13,false,false,251
2018-02-16,15.460000038146973,21.350000381469727,2017-03-23,14.880000114440918,2018-02-13,false,false,251
2018-02-20,15.529999732971191,21.350000381469727,2017-03-23,14.880000114440918,2018-02-13,false,false,251
2018-02-21,15.470000267028809,21.350000381469727,2017-03-23,14.880000114440918,2018-02-13,false,false,251
2018-02-22,15.220000267028809,21.350000381469727,2017-03-23,14.880000114440918,2018-02-13,false,false,251
2018-02-23,15.5,21.350000381469727,2017-03-23,14.880000114440918,2018-02-13,false,false,251
2018-02-26,15.579999923706055,21.350000381469727,2017-03-23,14.880000114440918,2018-02-13,false,false,251
2018-02-27,15.199999809265137,21.350000381469727,2017-03-23,14.880000114440918,2018-02-13,false,false,251
2018-02-28,15.039999961853027,21.350000381469727,2017-03-23,14.880000114440918,2018-02-13,false,false,251
2018-03-01,14.899999618530273,21.350000381469727,2017-03-23,14.880000114440918,2018-02-13,false,false,251
2018-03-02,15.039999961853027,21.350000381469727,2017-03-23,14.880000114440918,2018-02-13,false,false,251
2018-03-05,15.170000076293945,21.350000381469727,2017-03-23,14.880000114440918,2018-02-13,false,false,251
2018-03-06,15.010000228881836,21.350000381469727,2017-03-23,14.880000114440918,2018-02-13,false,false,251
2018-03-07,14.819999694824219,21.350000381469727,2017-03-23,14.819999694824219,2018-03-07,false,true,251
2018-03-08,14.859999656677246,21.350000381469727,2017-03-23,14.819999694824219,2018-03-07,false,false,251
2018-03-09,15.279999732971191,21.350000381469727,2017-03-23,14.819999694824219,2018-03-07,false,false,251
2018-03-12,15.460000038146973,21.350000381469727,2017-03-23,14.819999694824219,2018-03-07,false,false,251
2018-03-13,15.119999885559082,21.350000381469727,2017-03-23,14.819999694824219,2018-03-07,false,false,251
2018-03-14,15.140000343322754,21.350000381469727,2017-03-23,14.819999694824219,2018-03-07,false,false,251
2018-03-15,14.930000305175781,21.350000381469727,2017-03-23,14.819999694824219,2018-03-07,false,false,251
2018-03-16,14.770000457763672,21.350000381469727,2017-03-23,14.770000457763672,2018-03-16,false,true,251
2018-03-19,14.5600004196167,21.350000381469727,2017-03-23,14.5600004196167,2018-03-19,false,true,251
2018-03-20,14.609999656677246,21.350000381469727,2017-03-23,14.5600004196167,2018-03-19,false,false,251
2018-03-21,14.6899995803833,21.350000381469727,2017-03-23,14.5600004196167,2018-03-19,false,false,251
2018-03-22,14.670000076293945,21.350000381469727,2017-03-23,14.5600004196167,2018-03-19,false,false,251
2018-03-23,14.289999961853027,21.350000381469727,2017-03-23,14.289999961853027,2018-03-23,false,true,251
2018-03-26,14.279999732971191,21.239999771118164,2017-03-27,14.279999732971191,2018-03-26,false,true,251
2018-03-27,14.460000038146973,21.239999771118164,2017-03-27,14.279999732971191,2018-03-26,false,false,251
2018-03-28,14.869999885559082,20.799999237060547,2017-04-03,14.279999732971191,2018-03-26,false,false,251
2018-03-29,15.390000343322754,20.799999237060547,2017-04-03,14.279999732971191,2018-03-26,false,false,251
2018-04-02,15.539999961853027,20.799999237060547,2017-04-03,14.279999732971191,2018-03-26,false,false,250
2018-04-03,16.559999465942383,20.799999237060547,2017-04-03,14.279999732971191,2018-03-26,false,false,250
2018-04-04,16.59000015258789,20.399999618530273,2017-04-05,14.279999732971191,2018-03-26,false,false,250
2018-04-05,16.25,20.399999618530273,2017-04-05,14.279999732971191,2018-03-26,false,false,250
2018-04-06,16.020000457763672,20.3799991607666,2017-07-27,14.279999732971191,2018-03-26,false,false,250
2018-04-09,16.15999984741211,20.3799991607666,2017-07-27,14.279999732971191,2018-03-26,false,false,250
2018-04-10,16.3700008392334,20.3799991607666,2017-07-27,14.279999732971191,2018-03-26,false,false,250
2018-04-11,16.200000762939453,20.3799991607666,2017-07-27,14.279999732971191,2018-03-26,false,false,250
2018-04-12,15.989999771118164,20.3799991607666,2017-07-27,14.279999732971191,2018-03-26,false,false,250
2018-04-13,16.1200008392334,20.3799991607666,2017-07-27,14.279999732971191,2018-03-26,false,false,250
2018-04-16,15.770000457763672,20.3799991607666,2017-07-27,14.279999732971191,2018-03-26,false,false,251
2018-04-17,16.190000534057617,20.3799991607666,2017-07-27,14.279999732971191,2018-03-26,false,false,251
2018-04-18,16.239999771118164,20.3799991607666,2017-07-27,14.279999732971191,2018-03-26,false,false,251
2018-04-19,16.280000686645508,20.3799991607666,2017-07-27,14.279999732971191,2018-03-26,false,false,251
2018-04-20,16.5,20.3799991607666,2017-07-27,14.279999732971191,2018-03-26,false,false,251
2018-04-23,17.030000686645508,20.3799991607666,2017-07-27,14.279999732971191,2018-03-26,false,false,251
2018-04-24,17.010000228881836,20.3799991607666,2017-07-27,14.279999732971191,2018-03-26,false,false,251
2018-04-25,16.6200008392334,20.3799991607666,2017-07-27,14.279999732971191,2018-03-26,false,false,251
2018-04-26,16.600000381469727,20.3799991607666,2017-07-27,14.279999732971191,2018-03-26,false,false,251
2018-04-27,17.229999542236328,20.3799991607666,2017-07-27,14.279999732971191,2018-03-26,false,false,251
2018-04-30,17.389999389648438,20.3799991607666,2017-07-27,14.279999732971191,2018-03-26,false,false,251
2018-05-01,17.34000015258789,20.3799991607666,2017-07-27,14.279999732971191,2018-03-26,false,false,251
2018-05-02,17.43000030517578,20.3799991607666,2017-07-27,14.279999732971191,2018-03-26,false,false,251
2018-05-03,17.3700008392334,20.3799991607666,2017-07-27,14.279999732971191,2018-03-26,false,false,251
2018-05-04,17.260000228881836,20.3799991607666,2017-07-27,14.279999732971191,2018-03-26,false,false,251
2018-05-07,17.06999969482422,20.3799991607666,2017-07-27,14.279999732971191,2018-03-26,false,false,251
2018-05-08,16.739999771118164,20.3799991607666,2017-07-27,14.279999732971191,2018-03-26,false,false,251
2018-05-09,16.510000228881836,20.3799991607666,2017-07-27,14.279999732971191,2018-03-26,false,false,251
2018-05-10,16.850000381469727,20.3799991607666,2017-07-27,14.279999732971191,2018-03-26,false,false,251
2018-05-11,16.65999984741211,20.3799991607666,2017-07-27,14.279999732971191,2018-03-26,false,false,251
2018-05-14,17.100000381469727,20.3799991607666,2017-07-27,14.279999732971191,2018-03-26,false,false,251
2018-05-15,16.90999984741211,20.3799991607666,2017-07-27,14.279999732971191,2018-03-26,false,false,251
2018-05-16,16.690000534057617,20.3799991607666,2017-07-27,14.279999732971191,2018-03-26,false,false,251
2018-05-17,16.639999389648438,20.3799991607666,2017-07-27,14.279999732971191,2018-03-26,false,false,251
2018-05-18,16.31999969482422,20.3799991607666,2017-07-27,14.279999732971191,2018-03-26,false,false,251
2018-05-21,16.34000015258789,20.3799991607666,2017-07-27,14.279999732971191,2018-03-26,false,false,251
2018-05-22,16.420000076293945,20.3799991607666,2017-07-27,14.279999732971191,2018-03-26,false,false,251
2018-05-23,16.540000915527344,20.3799991607666,2017-07-27,14.279999732971191,2018-03-26,false,false,251
2018-05-24,16.09000015258789,20.3799991607666,2017-07-27,14.279999732971191,2018-03-26,false,false,251
2018-05-25,15.890000343322754,20.3799991607666,2017-07-27,14.279999732971191,2018-03-26,false,false,251
2018-05-29,15.649999618530273,20.3799991607666,2017-07-27,14.279999732971191,2018-03-26,false,false,251
2018-05-30,15.470000267028809,20.3799991607666,2017-07-27,14.279999732971191,2018-03-26,false,false,251
2018-05-31,15.199999809265137,20.3799991607666,2017-07-27,14.279999732971191,2018-03-26,false,false,251
2018-06-01,15.170000076293945,20.3799991607666,2017-07-27,14.279999732971191,2018-03-26,false,false,251
2018-06-04,15.210000038146973,20.3799991607666,2017-07-27,14.279999732971191,2018-03-26,false,false,251
2018-06-05,15.149999618530273,20.3799991607666,2017-07-27,14.279999732971191,2018-03-26,false,false,251
2018-06-06,15.130000114440918,20.3799991607666,2017-07-27,14.279999732971191,2018-03-26,false,false,251
2018-06-07,15.710000038146973,20.3799991607666,2017-07-27,14.279999732971191,2018-03-26,false,false,251
2018-06-08,15.760000228881836,20.3799991607666,2017-07-27,14.279999732971191,2018-03-26,false,false,251
2018-06-11,16.149999618530273,20.3799991607666,2017-07-27,14.279999732971191,2018-03-26,false,false,251
2018-06-12,16.219999313354492,20.3799991607666,2017-07-27,14.279999732971191,2018-03-26,false,false,251
2018-06-13,16.020000457763672,20.3799991607666,2017-07-27,14.279999732971191,2018-03-26,false,false,251
2018-06-14,15.899999618530273,20.3799991607666,2017-07-27,14.279999732971191,2018-03-26,false,false,251
2018-06-15,15.829999923706055,20.3799991607666,2017-07-27,14.279999732971191,2018-03-26,false,false,251
2018-06-18,15.75,20.3799991607666,2017-07-27,14.279999732971191,2018-03-26,false,false,251
2018-06-19,15.100000381469727,20.3799991607666,2017-07-27,14.279999732971191,2018-03-26,false,false,251
2018-06-20,14.970000267028809,20.3799991607666,2017-07-27,14.279999732971191,2018-03-26,false,false,251
2018-06-21,14.800000190734863,20.3799991607666,2017-07-27,14.279999732971191,2018-03-26,false,false,251
2018-06-22,15.640000343322754,20.3799991607666,2017-07-27,14.279999732971191,2018-03-26,false,false,251
2018-06-25,15.489999771118164,20.3799991607666,2017-07-27,14.279999732971191,2018-03-26,false,false,251
2018-06-26,15.399999618530273,20.3799991607666,2017-07-27,14.279999732971191,2018-03-26,false,false,251
2018-06-27,14.710000038146973,20.3799991607666,2017-07-27,14.279999732971191,2018-03-26,false,false,251
2018-06-28,14.390000343322754,20.3799991607666,2017-07-27,14.279999732971191,2018-03-26,false,false,251
2018-06-29,14.34000015258789,20.3799991607666,2017-07-27,14.279999732971191,2018-03-26,false,false,251
2018-07-02,14.329999923706055,20.3799991607666,2017-07-27,14.279999732971191,2018-03-26,false,false,251
2018-07-03,14.229999542236328,20.3799991607666,2017-07-27,14.229999542236328,2018-07-03,false,true,251
2018-07-05,14.140000343322754,20.3799991607666,2017-07-27,14.140000343322754,2018-07-05,false,true,251
2018-07-06,14.180000305175781,20.3799991607666,2017-07-27,14.140000343322754,2018-07-05,false,false,251
2018-07-09,13.9399995803833,20.3799991607666,2017-07-27,13.9399995803833,2018-07-09,false,true,251
2018-07-10,13.819999694824219,20.3799991607666,2017-07-27,13.819999694824219,2018-07-10,false,true,251
2018-07-11,13.789999961853027,20.3799991607666,2017-07-27,13.789999961853027,2018-07-11,false,true,251
2018-07-12,13.970000267028809,20.3799991607666,2017-07-27,13.789999961853027,2018-07-11,false,false,251
2018-07-13,13.75,20.3799991607666,2017-07-27,13.75,2018-07-13,false,true,251
2018-07-16,13.699999809265137,20.3799991607666,2017-07-27,13.699999809265137,2018-07-16,false,true,251
2018-07-17,13.970000267028809,20.3799991607666,2017-07-27,13.699999809265137,2018-07-16,false,false,251
2018-07-18,13.630000114440918,20.3799991607666,2017-07-27,13.630000114440918,2018-07-18,false,true,251
2018-07-19,13.449999809265137,20.3799991607666,2017-07-27,13.449999809265137,2018-07-19,false,true,251
2018-07-20,13.619999885559082,20.3799991607666,2017-07-27,13.449999809265137,2018-07-19,false,false,251
2018-07-23,13.869999885559082,20.3799991607666,2017-07-27,13.449999809265137,2018-07-19,false,false,251
2018-07-24,14.460000038146973,20.3799991607666,2017-07-27,13.449999809265137,2018-07-19,false,false,251
2018-07-25,14.699999809265137,20.3799991607666,2017-07-27,13.449999809265137,2018-07-19,false,false,251
2018-07-26,14.5,20.3799991607666,2017-07-27,13.449999809265137,2018-07-19,false,false,251
2018-07-27,14.460000038146973,20.3799991607666,2017-07-27,13.449999809265137,2018-07-19,false,false,251
2018-07-30,14.630000114440918,20.100000381469727,2017-08-01,13.449999809265137,2018-07-19,false,false,251
2018-07-31,14.680000305175781,20.100000381469727,2017-08-01,13.449999809265137,2018-07-19,false,false,251
2018-08-01,14.300000190734863,20.100000381469727,2017-08-01,13.449999809265137,2018-07-19,false,false,251
2018-08-02,14,19.68000030517578,2017-08-08,13.449999809265137,2018-07-19,false,false,251
2018-08-03,14.210000038146973,19.68000030517578,2017-08-08,13.449999809265137,2018-07-19,false,false,251
2018-08-06,13.609999656677246,19.68000030517578,2017-08-08,13.449999809265137,2018-07-19,false,false,251
2018-08-07,13.359999656677246,19.68000030517578,2017-08-08,13.359999656677246,2018-08-07,false,true,251
2018-08-08,13.550000190734863,19.68000030517578,2017-08-08,13.359999656677246,2018-08-07,false,false,251
2018-08-09,13.75,19.649999618530273,2017-08-28,13.359999656677246,2018-08-07,false,false,251
2018-08-10,13.800000190734863,19.649999618530273,2017-08-28,13.359999656677246,2018-08-07,false,false,251
2018-08-13,12.800000190734863,19.649999618530273,2017-08-28,12.800000190734863,2018-08-13,false,true,251
2018-08-14,13.3100004196167,19.649999618530273,2017-08-28,12.800000190734863,2018-08-13,false,false,251
2018-08-15,13.210000038146973,19.649999618530273,2017-08-28,12.800000190734863,2018-08-13,false,false,251
2018-08-16,13.430000305175781,19.649999618530273,2017-08-28,12.800000190734863,2018-08-13,false,false,251
2018-08-17,13.59000015258789,19.649999618530273,2017-08-28,12.800000190734863,2018-08-13,false,false,251
2018-08-20,13.630000114440918,19.649999618530273,2017-08-28,12.800000190734863,2018-08-13,false,false,251
2018-08-21,13.609999656677246,19.649999618530273,2017-08-28,12.800000190734863,2018-08-13,false,false,251
2018-08-22,13.630000114440918,19.649999618530273,2017-08-28,12.800000190734863,2018-08-13,false,false,251
2018-08-23,13.430000305175781,19.649999618530273,2017-08-28,12.800000190734863,2018-08-13,false,false,251
2018-08-24,13.75,19.649999618530273,2017-08-28,12.800000190734863,2018-08-13,false,false,251
2018-08-27,13.869999885559082,19.649999618530273,2017-08-28,12.800000190734863,2018-08-13,false,false,251
2018-08-28,13.869999885559082,19.649999618530273,2017-08-28,12.800000190734863,2018-08-13,false,false,251
2018-08-29,13.760000228881836,19.479999542236328,2017-08-30,12.800000190734863,2018-08-13,false,false,251
2018-08-30,13.569999694824219,19.479999542236328,2017-08-30,12.800000190734863,2018-08-13,false,false,251
2018-08-31,13.619999885559082,19.34000015258789,2017-09-01,12.800000190734863,2018-08-13,false,false,251
2018-09-04,13.289999961853027,19.34000015258789,2017-09-01,12.800000190734863,2018-08-13,false,false,251
2018-09-05,13.479999542236328,18.3799991607666,2017-09-07,12.800000190734863,2018-08-13,false,false,251
2018-09-06,13.460000038146973,18.3799991607666,2017-09-07,12.800000190734863,2018-08-13,false,false,251
2018-09-07,13.319999694824219,18.3799991607666,2017-09-07,12.800000190734863,2018-08-13,false,false,251
2018-09-10,13.210000038146973,18.25,2017-09-12,12.800000190734863,2018-08-13,false,false,251
2018-09-11,13.420000076293945,18.25,2017-09-12,12.800000190734863,2018-08-13,false,false,251
2018-09-12,13.529999732971191,18.25,2017-09-12,12.800000190734863,2018-08-13,false,false,251
2018-09-13,13.40999984741211,18.239999771118164,2017-09-15,12.800000190734863,2018-08-13,false,false,251
2018-09-14,13.239999771118164,18.239999771118164,2017-09-15,12.800000190734863,2018-08-13,false,false,251
2018-09-17,13.25,18.239999771118164,2017-09-15,12.800000190734863,2018-08-13,false,false,251
2018-09-18,13.170000076293945,18.219999313354492,2017-12-27,12.800000190734863,2018-08-13,false,false,251
2018-09-19,12.800000190734863,18.219999313354492,2017-12-27,12.800000190734863,2018-09-19,false,true,251
2018-09-20,12.829999923706055,18.219999313354492,2017-12-27,12.800000190734863,2018-09-19,false,false,251
2018-09-21,12.800000190734863,18.219999313354492,2017-12-27,12.800000190734863,2018-09-21,false,true,251
2018-09-24,12.619999885559082,18.219999313354492,2017-12-27,12.619999885559082,2018-09-24,false,true,251
2018-09-25,12.65999984741211,18.219999313354492,2017-12-27,12.619999885559082,2018-09-24,false,false,251
2018-09-26,12.65999984741211,18.219999313354492,2017-12-27,12.619999885559082,2018-09-24,false,false,251
2018-09-27,13.09000015258789,18.219999313354492,2017-12-27,12.619999885559082,2018-09-24,false,false,251
2018-09-28,13.170000076293945,18.219999313354492,2017-12-27,12.619999885559082,2018-09-24,false,false,251
2018-10-01,13.0600004196167,18.219999313354492,2017-12-27,12.619999885559082,2018-09-24,false,false,251
2018-10-02,12.8100004196167,18.219999313354492,2017-12-27,12.619999885559082,2018-09-24,false,false,251
2018-10-03,12.569999694824219,18.219999313354492,2017-12-27,12.569999694824219,2018-10-03,false,true,251
2018-10-04,11.960000038146973,18.219999313354492,2017-12-27,11.960000038146973,2018-10-04,false,true,251
2018-10-05,11.899999618530273,18.219999313354492,2017-12-27,11.899999618530273,2018-10-05,false,true,251
2018-10-08,11.649999618530273,18.219999313354492,2017-12-27,11.649999618530273,2018-10-08,false,true,251
2018-10-09,11.649999618530273,18.219999313354492,2017-12-27,11.649999618530273,2018-10-09,false,true,251
2018-10-10,10.90999984741211,18.219999313354492,2017-12-27,10.90999984741211,2018-10-10,false,true,251
2018-10-11,10.520000457763672,18.219999313354492,2017-12-27,10.520000457763672,2018-10-11,false,true,251
2018-10-12,10.800000190734863,18.219999313354492,2017-12-27,10.520000457763672,2018-10-11,false,false,251
2018-10-15,11.029999732971191,18.219999313354492,2017-12-27,10.520000457763672,2018-10-11,false,false,251
2018-10-16,11.069999694824219,18.219999313354492,2017-12-27,10.520000457763672,2018-10-11,false,false,251
2018-10-17,11.130000114440918,18.219999313354492,2017-12-27,10.520000457763672,2018-10-11,false,false,251
2018-10-18,11.329999923706055,18.219999313354492,2017-12-27,10.520000457763672,2018-10-11,false,false,251
2018-10-19,11.880000114440918,18.219999313354492,2017-12-27,10.520000457763672,2018-10-11,false,false,251
2018-10-22,12,18.219999313354492,2017-12-27,10.520000457763672,2018-10-11,false,false,251
2018-10-23,11.449999809265137,18.219999313354492,2017-12-27,10.520000457763672,2018-10-11,false,false,251
2018-10-24,11.989999771118164,18.219999313354492,2017-12-27,10.520000457763672,2018-10-11,false,false,251
2018-10-25,12.520000457763672,18.219999313354492,2017-12-27,10.520000457763672,2018-10-11,false,false,251
2018-10-26,11.880000114440918,18.219999313354492,2017-12-27,10.520000457763672,2018-10-11,false,false,251
2018-10-29,11.739999771118164,18.219999313354492,2017-12-27,10.520000457763672,2018-10-11,false,false,251
2018-10-30,11.5,18.219999313354492,2017-12-27,10.520000457763672,2018-10-11,false,false,251
2018-10-31,11.960000038146973,18.219999313354492,2017-12-27,10.520000457763672,2018-10-11,false,false,251
2018-11-01,12.0600004196167,18.219999313354492,2017-12-27,10.520000457763672,2018-10-11,false,false,251
2018-11-02,11.899999618530273,18.219999313354492,2017-12-27,10.520000457763672,2018-10-11,false,false,251
2018-11-05,12.170000076293945,18.219999313354492,2017-12-27,10.520000457763672,2018-10-11,false,false,251
2018-11-06,11.789999961853027,18.219999313354492,2017-12-27,10.520000457763672,2018-10-11,false,false,251
2018-11-07,12.069999694824219,18.219999313354492,2017-12-27,10.520000457763672,2018-10-11,false,false,251
2018-11-08,12.0600004196167,18.219999313354492,2017-12-27,10.520000457763672,2018-10-11,false,false,251
2018-11-09,12.300000190734863,18.219999313354492,2017-12-27,10.520000457763672,2018-10-11,false,false,251
2018-11-12,11.9399995803833,18.219999313354492,2017-12-27,10.520000457763672,2018-10-11,false,false,251
2018-11-13,12.380000114440918,18.219999313354492,2017-12-27,10.520000457763672,2018-10-11,false,false,251
2018-11-14,12.609999656677246,18.219999313354492,2017-12-27,10.520000457763672,2018-10-11,false,false,251
2018-11-15,12.449999809265137,18.219999313354492,2017-12-27,10.520000457763672,2018-10-11,false,false,251
2018-11-16,12.489999771118164,18.219999313354492,2017-12-27,10.520000457763672,2018-10-11,false,false,251
2018-11-19,12.229999542236328,18.219999313354492,2017-12-27,10.520000457763672,2018-10-11,false,false,251
2018-11-20,12.390000343322754,18.219999313354492,2017-12-27,10.520000457763672,2018-10-11,false,false,251
2018-11-21,12.489999771118164,18.219999313354492,2017-12-27,10.520000457763672,2018-10-11,false,false,251
2018-11-23,12.229999542236328,18.219999313354492,2017-12-27,10.520000457763672,2018-10-11,false,false,251
2018-11-26,12.899999618530273,18.219999313354492,2017-12-27,10.520000457763672,2018-10-11,false,false,251
2018-11-27,13.210000038146973,18.219999313354492,2017-12-27,10.520000457763672,2018-10-11,false,false,251
2018-11-28,13.609999656677246,18.219999313354492,2017-12-27,10.520000457763672,2018-10-11,false,false,251
2018-11-29,13.4399995803833,18.219999313354492,2017-12-27,10.520000457763672,2018-10-11,false,false,251
2018-11-30,13.220000267028809,18.219999313354492,2017-12-27,10.520000457763672,2018-10-11,false,false,251
2018-12-03,13.270000457763672,18.219999313354492,2017-12-27,10.520000457763672,2018-10-11,false,false,251
2018-12-04,13.609999656677246,18.219999313354492,2017-12-27,10.520000457763672,2018-10-11,false,false,251
2018-12-06,13.59000015258789,18.219999313354492,2017-12-27,10.520000457763672,2018-10-11,false,false,250
2018-12-07,13.75,18.219999313354492,2017-12-27,10.520000457763672,2018-10-11,false,false,250
2018-12-10,14.369999885559082,18.219999313354492,2017-12-27,10.520000457763672,2018-10-11,false,false,250
2018-12-11,14.34000015258789,18.219999313354492,2017-12-27,10.520000457763672,2018-10-11,false,false,250
2018-12-12,14.260000228881836,18.219999313354492,2017-12-27,10.520000457763672,2018-10-11,false,false,250
2018-12-13,14.199999809265137,18.219999313354492,2017-12-27,10.520000457763672,2018-10-11,false,false,250
2018-12-14,14.329999923706055,18.219999313354492,2017-12-27,10.520000457763672,2018-10-11,false,false,250
2018-12-17,14.329999923706055,18.219999313354492,2017-12-27,10.520000457763672,2018-10-11,false,false,250
2018-12-18,14.369999885559082,18.219999313354492,2017-12-27,10.520000457763672,2018-10-11,false,false,250
2018-12-19,14.760000228881836,18.219999313354492,2017-12-27,10.520000457763672,2018-10-11,false,false,250
2018-12-20,14.960000038146973,18.219999313354492,2017-12-27,10.520000457763672,2018-10-11,false,false,250
2018-12-21,14.8100004196167,18.219999313354492,2017-12-27,10.520000457763672,2018-10-11,false,false,250
2018-12-24,14.569999694824219,18.219999313354492,2017-12-27,10.520000457763672,2018-10-11,false,false,250
2018-12-26,14.739999771118164,18.219999313354492,2017-12-27,10.520000457763672,2018-10-11,false,false,250
2018-12-27,14.699999809265137,18.219999313354492,2017-12-27,10.520000457763672,2018-10-11,false,false,250
2018-12-28,14.630000114440918,17.829999923706055,2018-01-02,10.520000457763672,2018-10-11,false,false,250
2018-12-31,14.75,17.829999923706055,2018-01-02,10.520000457763672,2018-10-11,false,false,250
2019-01-02,15.029999732971191,17.829999923706055,2018-01-02,10.520000457763672,2018-10-11,false,false,250
2019-01-03,15.3100004196167,17.600000381469727,2018-01-04,10.520000457763672,2018-10-11,false,false,250
2019-01-04,15,17.600000381469727,2018-01-04,10.520000457763672,2018-10-11,false,false,250
2019-01-07,15.069999694824219,17.469999313354492,2018-01-08,10.520000457763672,2018-10-11,false,false,250
2019-01-08,15.699999809265137,17.469999313354492,2018-01-08,10.520000457763672,2018-10-11,false,false,250
2019-01-09,14.789999961853027,17.43000030517578,2018-05-02,10.520000457763672,2018-10-11,false,false,250
2019-01-10,15.489999771118164,17.43000030517578,2018-05-02,10.520000457763672,2018-10-11,false,false,250
2019-01-11,15.369999885559082,17.43000030517578,2018-05-02,10.520000457763672,2018-10-11,false,false,250
2019-01-14,15.239999771118164,17.43000030517578,2018-05-02,10.520000457763672,2018-10-11,false,false,250
2019-01-15,15.359999656677246,17.43000030517578,2018-05-02,10.520000457763672,2018-10-11,false,false,251
2019-01-16,15.220000267028809,17.43000030517578,2018-05-02,10.520000457763672,2018-10-11,false,false,251
2019-01-17,15.25,17.43000030517578,2018-05-02,10.520000457763672,2018-10-11,false,false,251
2019-01-18,15.109999656677246,17.43000030517578,2018-05-02,10.520000457763672,2018-10-11,false,false,251
2019-01-22,14.390000343322754,17.43000030517578,2018-05-02,10.520000457763672,2018-10-11,false,false,250
2019-01-23,14.710000038146973,17.43000030517578,2018-05-02,10.520000457763672,2018-10-11,false,false,250
2019-01-24,14.609999656677246,17.43000030517578,2018-05-02,10.520000457763672,2018-10-11,false,false,250
2019-01-25,14.819999694824219,17.43000030517578,2018-05-02,10.520000457763672,2018-10-11,false,false,250
2019-01-28,14.630000114440918,17.43000030517578,2018-05-02,10.520000457763672,2018-10-11,false,false,250
2019-01-29,14.729999542236328,17.43000030517578,2018-05-02,10.520000457763672,2018-10-11,false,false,250
2019-01-30,14.789999961853027,17.43000030517578,2018-05-02,10.520000457763672,2018-10-11,false,false,250
2019-01-31,15.329999923706055,17.43000030517578,2018-05-02,10.520000457763672,2018-10-11,false,false,250
2019-02-01,15.020000457763672,17.43000030517578,2018-05-02,10.520000457763672,2018-10-11,false,false,250
2019-02-04,15.010000228881836,17.43000030517578,2018-05-02,10.520000457763672,2018-10-11,false,false,250
2019-02-05,15.119999885559082,17.43000030517578,2018-05-02,10.520000457763672,2018-10-11,false,false,250
2019-02-06,15.15999984741211,17.43000030517578,2018-05-02,10.520000457763672,2018-10-11,false,false,250
2019-02-07,14.899999618530273,17.43000030517578,2018-05-02,10.520000457763672,2018-10-11,false,false,250
2019-02-08,15.029999732971191,17.43000030517578,2018-05-02,10.520000457763672,2018-10-11,false,false,250
2019-02-11,15.130000114440918,17.43000030517578,2018-05-02,10.520000457763672,2018-10-11,false,false,250
2019-02-12,14.989999771118164,17.43000030517578,2018-05-02,10.520000457763672,2018-10-11,false,false,250
2019-02-13,15,17.43000030517578,2018-05-02,10.520000457763672,2018-10-11,false,false,250
2019-02-14,14.880000114440918,17.43000030517578,2018-05-02,10.520000457763672,2018-10-11,false,false,250
2019-02-15,14.75,17.43000030517578,2018-05-02,10.520000457763672,2018-10-11,false,false,250
2019-02-19,14.729999542236328,17.43000030517578,2018-05-02,10.520000457763672,2018-10-11,false,false,250
2019-02-20,14.84000015258789,17.43000030517578,2018-05-02,10.520000457763672,2018-10-11,false,false,250
2019-02-21,14.649999618530273,17.43000030517578,2018-05-02,10.520000457763672,2018-10-11,false,false,250
2019-02-22,15.020000457763672,17.43000030517578,2018-05-02,10.520000457763672,2018-10-11,false,false,250
2019-02-25,15.069999694824219,17.43000030517578,2018-05-02,10.520000457763672,2018-10-11,false,false,250
2019-02-26,15.640000343322754,17.43000030517578,2018-05-02,10.520000457763672,2018-10-11,false,false,250
2019-02-27,15.4399995803833,17.43000030517578,2018-05-02,10.520000457763672,2018-10-11,false,false,250
2019-02-28,15.3100004196167,17.43000030517578,2018-05-02,10.520000457763672,2018-10-11,false,false,250
2019-03-01,15.350000381469727,17.43000030517578,2018-05-02,10.520000457763672,2018-10-11,false,false,250
2019-03-04,15.75,17.43000030517578,2018-05-02,10.520000457763672,2018-10-11,false,false,250
2019-03-05,15.670000076293945,17.43000030517578,2018-05-02,10.520000457763672,2018-10-11,false,false,250
2019-03-06,15.5600004196167,17.43000030517578,2018-05-02,10.520000457763672,2018-10-11,false,false,250
2019-03-07,15.270000457763672,17.43000030517578,2018-05-02,10.520000457763672,2018-10-11,false,false,250
2019-03-08,15.34000015258789,17.43000030517578,2018-05-02,10.520000457763672,2018-10-11,false,false,250
2019-03-11,15.529999732971191,17.43000030517578,2018-05-02,10.520000457763672,2018-10-11,false,false,250
2019-03-12,15.65999984741211,17.43000030517578,2018-05-02,10.520000457763672,2018-10-11,false,false,250
2019-03-13,15.25,17.43000030517578,2018-05-02,10.520000457763672,2018-10-11,false,false,250
2019-03-14,15.40999984741211,17.43000030517578,2018-05-02,10.520000457763672,2018-10-11,false,false,250
2019-03-15,15.319999694824219,17.43000030517578,2018-05-02,10.520000457763672,2018-10-11,false,false,250
2019-03-18,15.010000228881836,17.43000030517578,2018-05-02,10.520000457763672,2018-10-11,false,false,250
2019-03-19,14.609999656677246,17.43000030517578,2018-05-02,10.520000457763672,2018-10-11,false,false,250
2019-03-20,14.1899995803833,17.43000030517578,2018-05-02,10.520000457763672,2018-10-11,false,false,250
2019-03-21,13.949999809265137,17.43000030517578,2018-05-02,10.520000457763672,2018-10-11,false,false,250
2019-03-22,13.760000228881836,17.43000030517578,2018-05-02,10.520000457763672,2018-10-11,false,false,250
2019-03-25,13.800000190734863,17.43000030517578,2018-05-02,10.520000457763672,2018-10-11,false,false,250
2019-03-26,13.829999923706055,17.43000030517578,2018-05-02,10.520000457763672,2018-10-11,false,false,250
2019-03-27,13.569999694824219,17.43000030517578,2018-05-02,10.520000457763672,2018-10-11,false,false,250
2019-03-28,13.119999885559082,17.43000030517578,2018-05-02,10.520000457763672,2018-10-11,false,false,250
2019-03-29,13.010000228881836,17.43000030517578,2018-05-02,10.520000457763672,2018-10-11,false,false,250
2019-04-01,13.199999809265137,17.43000030517578,2018-05-02,10.520000457763672,2018-10-11,false,false,251
2019-04-02,13.170000076293945,17.43000030517578,2018-05-02,10.520000457763672,2018-10-11,false,false,251
2019-04-03,13.1899995803833,17.43000030517578,2018-05-02,10.520000457763672,2018-10-11,false,false,251
2019-04-04,13.140000343322754,17.43000030517578,2018-05-02,10.520000457763672,2018-10-11,false,false,251
2019-04-05,12.8100004196167,17.43000030517578,2018-05-02,10.520000457763672,2018-10-11,false,false,251
2019-04-08,12.680000305175781,17.43000030517578,2018-05-02,10.520000457763672,2018-10-11,false,false,251
2019-04-09,12.539999961853027,17.43000030517578,2018-05-02,10.520000457763672,2018-10-11,false,false,251
2019-04-10,12.84000015258789,17.43000030517578,2018-05-02,10.520000457763672,2018-10-11,false,false,251
2019-04-11,12.649999618530273,17.43000030517578,2018-05-02,10.520000457763672,2018-10-11,false,false,251
2019-04-12,12.65999984741211,17.43000030517578,2018-05-02,10.520000457763672,2018-10-11,false,false,251
2019-04-15,12.75,17.43000030517578,2018-05-02,10.520000457763672,2018-10-11,false,false,251
2019-04-16,12.739999771118164,17.43000030517578,2018-05-02,10.520000457763672,2018-10-11,false,false,251
2019-04-17,12.630000114440918,17.43000030517578,2018-05-02,10.520000457763672,2018-10-11,false,false,251
2019-04-18,12.600000381469727,17.43000030517578,2018-05-02,10.520000457763672,2018-10-11,false,false,251
2019-04-22,12.539999961853027,17.43000030517578,2018-05-02,10.520000457763672,2018-10-11,false,false,250
2019-04-23,12.5,17.43000030517578,2018-05-02,10.520000457763672,2018-10-11,false,false,250
2019-04-24,12.1899995803833,17.43000030517578,2018-05-02,10.520000457763672,2018-10-11,false,false,250
2019-04-25,12.050000190734863,17.43000030517578,2018-05-02,10.520000457763672,2018-10-11,false,false,250
2019-04-26,12.0600004196167,17.43000030517578,2018-05-02,10.520000457763672,2018-10-11,false,false,250
2019-04-29,12.260000228881836,17.43000030517578,2018-05-02,10.520000457763672,2018-10-11,false,false,250
2019-04-30,12.170000076293945,17.43000030517578,2018-05-02,10.520000457763672,2018-10-11,false,false,250
2019-05-01,12.140000343322754,17.43000030517578,2018-05-02,10.520000457763672,2018-10-11,false,false,250
2019-05-02,12.09000015258789,17.43000030517578,2018-05-02,10.520000457763672,2018-10-11,false,false,250
2019-05-03,11.930000305175781,17.260000228881836,2018-05-04,10.520000457763672,2018-10-11,false,false,250
2019-05-06,11.899999618530273,17.260000228881836,2018-05-04,10.520000457763672,2018-10-11,false,false,250
2019-05-07,11.710000038146973,17.100000381469727,2018-05-14,10.520000457763672,2018-10-11,false,false,250
2019-05-08,11.699999809265137,17.100000381469727,2018-05-14,10.520000457763672,2018-10-11,false,false,250
2019-05-09,11.479999542236328,17.100000381469727,2018-05-14,10.520000457763672,2018-10-11,false,false,250
2019-05-10,11.649999618530273,17.100000381469727,2018-05-14,10.520000457763672,2018-10-11,false,false,250
2019-05-13,11.460000038146973,17.100000381469727,2018-05-14,10.520000457763672,2018-10-11,false,false,250
2019-05-14,11.359999656677246,17.100000381469727,2018-05-14,10.520000457763672,2018-10-11,false,false,250
2019-05-15,10.949999809265137,16.690000534057617,2018-05-16,10.520000457763672,2018-10-11,false,false,250
2019-05-16,10.75,16.690000534057617,2018-05-16,10.520000457763672,2018-10-11,false,false,250
2019-05-17,10.630000114440918,16.540000915527344,2018-05-23,10.520000457763672,2018-10-11,false,false,250
2019-05-20,10.489999771118164,16.540000915527344,2018-05-23,10.489999771118164,2019-05-20,false,true,250
2019-05-21,10.5,16.540000915527344,2018-05-23,10.489999771118164,2019-05-20,false,false,250
2019-05-22,10.529999732971191,16.540000915527344,2018-05-23,10.489999771118164,2019-05-20,false,false,250
2019-05-23,10.550000190734863,16.540000915527344,2018-05-23,10.489999771118164,2019-05-20,false,false,250
2019-05-24,10.720000267028809,16.219999313354492,2018-06-12,10.489999771118164,2019-05-20,false,false,250
2019-05-28,10.569999694824219,16.219999313354492,2018-06-12,10.489999771118164,2019-05-20,false,false,250
2019-05-29,10.420000076293945,16.219999313354492,2018-06-12,10.420000076293945,2019-05-29,false,true,250
2019-05-30,10.550000190734863,16.219999313354492,2018-06-12,10.420000076293945,2019-05-29,false,false,250
2019-05-31,10.979999542236328,16.219999313354492,2018-06-12,10.420000076293945,2019-05-29,false,false,250
2019-06-03,11.210000038146973,16.219999313354492,2018-06-12,10.420000076293945,2019-05-29,false,false,250
2019-06-04,11.050000190734863,16.219999313354492,2018-06-12,10.420000076293945,2019-05-29,false,false,250
2019-06-05,10.869999885559082,16.219999313354492,2018-06-12,10.420000076293945,2019-05-29,false,false,250
2019-06-06,10.880000114440918,16.219999313354492,2018-06-12,10.420000076293945,2019-05-29,false,false,250
2019-06-07,10.859999656677246,16.219999313354492,2018-06-12,10.420000076293945,2019-05-29,false,false,250
2019-06-10,10.649999618530273,16.219999313354492,2018-06-12,10.420000076293945,2019-05-29,false,false,250
2019-06-11,11.069999694824219,16.219999313354492,2018-06-12,10.420000076293945,2019-05-29,false,false,250
2019-06-12,11.170000076293945,16.219999313354492,2018-06-12,10.420000076293945,2019-05-29,false,false,250
2019-06-13,11.119999885559082,15.899999618530273,2018-06-14,10.420000076293945,2019-05-29,false,false,250
2019-06-14,10.829999923706055,15.899999618530273,2018-06-14,10.420000076293945,2019-05-29,false,false,250
2019-06-17,10.760000228881836,15.75,2019-03-04,10.420000076293945,2019-05-29,false,false,250
2019-06-18,10.960000038146973,15.75,2019-03-04,10.420000076293945,2019-05-29,false,false,250
2019-06-19,10.989999771118164,15.75,2019-03-04,10.420000076293945,2019-05-29,false,false,250
2019-06-20,11.239999771118164,15.75,2019-03-04,10.420000076293945,2019-05-29,false,false,250
2019-06-21,11.300000190734863,15.75,2019-03-04,10.420000076293945,2019-05-29,false,false,250
2019-06-24,11.289999961853027,15.75,2019-03-04,10.420000076293945,2019-05-29,false,false,250
2019-06-25,11.109999656677246,15.75,2019-03-04,10.420000076293945,2019-05-29,false,false,250
2019-06-26,11.15999984741211,15.75,2019-03-04,10.420000076293945,2019-05-29,false,false,250
2019-06-27,11.140000343322754,15.75,2019-03-04,10.420000076293945,2019-05-29,false,false,250
2019-06-28,11.100000381469727,15.75,2019-03-04,10.420000076293945,2019-05-29,false,false,250
2019-07-01,10.979999542236328,15.75,2019-03-04,10.420000076293945,2019-05-29,false,false,250
2019-07-02,10.920000076293945,15.75,2019-03-04,10.420000076293945,2019-05-29,false,false,250
2019-07-03,11.15999984741211,15.75,2019-03-04,10.420000076293945,2019-05-29,false,false,250
2019-07-05,11.119999885559082,15.75,2019-03-04,10.420000076293945,2019-05-29,false,false,250
2019-07-08,11.050000190734863,15.75,2019-03-04,10.420000076293945,2019-05-29,false,false,250
2019-07-09,10.920000076293945,15.75,2019-03-04,10.420000076293945,2019-05-29,false,false,250
2019-07-10,10.850000381469727,15.75,2019-03-04,10.420000076293945,2019-05-29,false,false,250
2019-07-11,10.850000381469727,15.75,2019-03-04,10.420000076293945,2019-05-29,false,false,250
2019-07-12,10.859999656677246,15.75,2019-03-04,10.420000076293945,2019-05-29,false,false,250
2019-07-15,10.84000015258789,15.75,2019-03-04,10.420000076293945,2019-05-29,false,false,250
2019-07-16,10.800000190734863,15.75,2019-03-04,10.420000076293945,2019-05-29,false,false,250
2019-07-17,10.800000190734863,15.75,2019-03-04,10.420000076293945,2019-05-29,false,false,250
2019-07-18,10.979999542236328,15.75,2019-03-04,10.420000076293945,2019-05-29,false,false,250
2019-07-19,10.949999809265137,15.75,2019-03-04,10.420000076293945,2019-05-29,false,false,250
2019-07-22,11.039999961853027,15.75,2019-03-04,10.420000076293945,2019-05-29,false,false,250
2019-07-23,11.520000457763672,15.75,2019-03-04,10.420000076293945,2019-05-29,false,false,250
2019-07-24,11.319999694824219,15.75,2019-03-04,10.420000076293945,2019-05-29,false,false,250
2019-07-25,11.4399995803833,15.75,2019-03-04,10.420000076293945,2019-05-29,false,false,250
2019-07-26,11.380000114440918,15.75,2019-03-04,10.420000076293945,2019-05-29,false,false,250
2019-07-29,11.789999961853027,15.75,2019-03-04,10.420000076293945,2019-05-29,false,false,250
2019-07-30,11.670000076293945,15.75,2019-03-04,10.420000076293945,2019-05-29,false,false,250
2019-07-31,11.729999542236328,15.75,2019-03-04,10.420000076293945,2019-05-29,false,false,250
2019-08-01,11.239999771118164,15.75,2019-03-04,10.420000076293945,2019-05-29,false,false,250
2019-08-02,11.279999732971191,15.75,2019-03-04,10.420000076293945,2019-05-29,false,false,250
2019-08-05,10.970000267028809,15.75,2019-03-04,10.420000076293945,2019-05-29,false,false,250
2019-08-06,11.020000457763672,15.75,2019-03-04,10.420000076293945,2019-05-29,false,false,250
2019-08-07,10.970000267028809,15.75,2019-03-04,10.420000076293945,2019-05-29,false,false,250
2019-08-08,10.720000267028809,15.75,2019-03-04,10.420000076293945,2019-05-29,false,false,250
2019-08-09,10.40999984741211,15.75,2019-03-04,10.40999984741211,2019-08-09,false,true,250
2019-08-12,10.350000381469727,15.75,2019-03-04,10.350000381469727,2019-08-12,false,true,250
2019-08-13,10.5,15.75,2019-03-04,10.350000381469727,2019-08-12,false,false,250
2019-08-14,10.270000457763672,15.75,2019-03-04,10.270000457763672,2019-08-14,false,true,250
2019-08-15,10.34000015258789,15.75,2019-03-04,10.270000457763672,2019-08-14,false,false,250
2019-08-16,10.34000015258789,15.75,2019-03-04,10.270000457763672,2019-08-14,false,false,250
2019-08-19,10.710000038146973,15.75,2019-03-04,10.270000457763672,2019-08-14,false,false,250
2019-08-20,10.619999885559082,15.75,2019-03-04,10.270000457763672,2019-08-14,false,false,250
2019-08-21,10.789999961853027,15.75,2019-03-04,10.270000457763672,2019-08-14,false,false,250
2019-08-22,10.789999961853027,15.75,2019-03-04,10.270000457763672,2019-08-14,false,false,250
2019-08-23,10.4399995803833,15.75,2019-03-04,10.270000457763672,2019-08-14,false,false,250
2019-08-26,10.40999984741211,15.75,2019-03-04,10.270000457763672,2019-08-14,false,false,250
2019-08-27,10.430000305175781,15.75,2019-03-04,10.270000457763672,2019-08-14,false,false,250
2019-08-28,10.520000457763672,15.75,2019-03-04,10.270000457763672,2019-08-14,false,false,250
2019-08-29,10.569999694824219,15.75,2019-03-04,10.270000457763672,2019-08-14,false,false,250
2019-08-30,10.630000114440918,15.75,2019-03-04,10.270000457763672,2019-08-14,false,false,250
2019-09-03,10.239999771118164,15.75,2019-03-04,10.239999771118164,2019-09-03,false,true,250
2019-09-04,10.569999694824219,15.75,2019-03-04,10.239999771118164,2019-09-03,false,false,250
2019-09-05,10.460000038146973,15.75,2019-03-04,10.239999771118164,2019-09-03,false,false,250
2019-09-06,10.489999771118164,15.75,2019-03-04,10.239999771118164,2019-09-03,false,false,250
2019-09-09,10.5,15.75,2019-03-04,10.239999771118164,2019-09-03,false,false,250
2019-09-10,10.649999618530273,15.75,2019-03-04,10.239999771118164,2019-09-03,false,false,250
2019-09-11,10.760000228881836,15.75,2019-03-04,10.239999771118164,2019-09-03,false,false,250
2019-09-12,10.960000038146973,15.75,2019-03-04,10.239999771118164,2019-09-03,false,false,250
2019-09-13,10.960000038146973,15.75,2019-03-04,10.239999771118164,2019-09-03,false,false,250
2019-09-16,10.8100004196167,15.75,2019-03-04,10.239999771118164,2019-09-03,false,false,250
2019-09-17,10.84000015258789,15.75,2019-03-04,10.239999771118164,2019-09-03,false,false,250
2019-09-18,10.699999809265137,15.75,2019-03-04,10.239999771118164,2019-09-03,false,false,250
2019-09-19,10.699999809265137,15.75,2019-03-04,10.239999771118164,2019-09-03,false,false,250
2019-09-20,10.720000267028809,15.75,2019-03-04,10.239999771118164,2019-09-03,false,false,250
2019-09-23,11.119999885559082,15.75,2019-03-04,10.239999771118164,2019-09-03,false,false,250
2019-09-24,11.239999771118164,15.75,2019-03-04,10.239999771118164,2019-09-03,false,false,250
2019-09-25,11.109999656677246,15.75,2019-03-04,10.239999771118164,2019-09-03,false,false,250
2019-09-26,10.970000267028809,15.75,2019-03-04,10.239999771118164,2019-09-03,false,false,250
2019-09-27,10.699999809265137,15.75,2019-03-04,10.239999771118164,2019-09-03,false,false,250
2019-09-30,10.84000015258789,15.75,2019-03-04,10.239999771118164,2019-09-03,false,false,250
2019-10-01,10.859999656677246,15.75,2019-03-04,10.239999771118164,2019-09-03,false,false,250
2019-10-02,10.520000457763672,15.75,2019-03-04,10.239999771118164,2019-09-03,false,false,250
2019-10-03,10.59000015258789,15.75,2019-03-04,10.239999771118164,2019-09-03,false,false,250
2019-10-04,10.680000305175781,15.75,2019-03-04,10.239999771118164,2019-09-03,false,false,250
2019-10-07,10.550000190734863,15.75,2019-03-04,10.239999771118164,2019-09-03,false,false,250
2019-10-08,10.59000015258789,15.75,2019-03-04,10.239999771118164,2019-09-03,false,false,250
2019-10-09,10.670000076293945,15.75,2019-03-04,10.239999771118164,2019-09-03,false,false,250
2019-10-10,10.890000343322754,15.75,2019-03-04,10.239999771118164,2019-09-03,false,false,250
2019-10-11,10.829999923706055,15.75,2019-03-04,10.239999771118164,2019-09-03,false,false,250
2019-10-14,10.75,15.75,2019-03-04,10.239999771118164,2019-09-03,false,false,250
2019-10-15,10.960000038146973,15.75,2019-03-04,10.239999771118164,2019-09-03,false,false,250
2019-10-16,11.020000457763672,15.75,2019-03-04,10.239999771118164,2019-09-03,false,false,250
2019-10-17,11.1899995803833,15.75,2019-03-04,10.239999771118164,2019-09-03,false,false,250
2019-10-18,11.020000457763672,15.75,2019-03-04,10.239999771118164,2019-09-03,false,false,250
2019-10-21,11.010000228881836,15.75,2019-03-04,10.239999771118164,2019-09-03,false,false,250
2019-10-22,11,15.75,2019-03-04,10.239999771118164,2019-09-03,false,false,250
2019-10-23,10.869999885559082,15.75,2019-03-04,10.239999771118164,2019-09-03,false,false,250
2019-10-24,10.869999885559082,15.75,2019-03-04,10.239999771118164,2019-09-03,false,false,250
2019-10-25,10.979999542236328,15.75,2019-03-04,10.239999771118164,2019-09-03,false,false,250
2019-10-28,10.859999656677246,15.75,2019-03-04,10.239999771118164,2019-09-03,false,false,250
2019-10-29,10.760000228881836,15.75,2019-03-04,10.239999771118164,2019-09-03,false,false,250
2019-10-30,11.180000305175781,15.75,2019-03-04,10.239999771118164,2019-09-03,false,false,250
2019-10-31,10.880000114440918,15.75,2019-03-04,10.239999771118164,2019-09-03,false,false,250
2019-11-01,10.989999771118164,15.75,2019-03-04,10.239999771118164,2019-09-03,false,false,250
2019-11-04,10.970000267028809,15.75,2019-03-04,10.239999771118164,2019-09-03,false,false,250
2019-11-05,11.210000038146973,15.75,2019-03-04,10.239999771118164,2019-09-03,false,false,250
2019-11-06,11.630000114440918,15.75,2019-03-04,10.239999771118164,2019-09-03,false,false,250
2019-11-07,11.779999732971191,15.75,2019-03-04,10.239999771118164,2019-09-03,false,false,250
2019-11-08,11.729999542236328,15.75,2019-03-04,10.239999771118164,2019-09-03,false,false,250
2019-11-11,11.789999961853027,15.75,2019-03-04,10.239999771118164,2019-09-03,false,false,250
2019-11-12,11.829999923706055,15.75,2019-03-04,10.239999771118164,2019-09-03,false,false,250
2019-11-13,11.75,15.75,2019-03-04,10.239999771118164,2019-09-03,false,false,250
2019-11-14,12.109999656677246,15.75,2019-03-04,10.239999771118164,2019-09-03,false,false,250
2019-11-15,12.220000267028809,15.75,2019-03-04,10.239999771118164,2019-09-03,false,false,250
2019-11-18,12.050000190734863,15.75,2019-03-04,10.239999771118164,2019-09-03,false,false,250
2019-11-19,12.109999656677246,15.75,2019-03-04,10.239999771118164,2019-09-03,false,false,250
2019-11-20,12.09000015258789,15.75,2019-03-04,10.239999771118164,2019-09-03,false,false,250
2019-11-21,11.890000343322754,15.75,2019-03-04,10.239999771118164,2019-09-03,false,false,250
2019-11-22,11.869999885559082,15.75,2019-03-04,10.239999771118164,2019-09-03,false,false,251
2019-11-25,11.9399995803833,15.75,2019-03-04,10.239999771118164,2019-09-03,false,false,251
2019-11-26,11.859999656677246,15.75,2019-03-04,10.239999771118164,2019-09-03,false,false,251
2019-11-27,11.729999542236328,15.75,2019-03-04,10.239999771118164,2019-09-03,false,false,251
2019-11-29,11.779999732971191,15.75,2019-03-04,10.239999771118164,2019-09-03,false,false,250
2019-12-02,11.6899995803833,15.75,2019-03-04,10.239999771118164,2019-09-03,false,false,250
2019-12-03,11.890000343322754,15.75,2019-03-04,10.239999771118164,2019-09-03,false,false,250
2019-12-04,12.15999984741211,15.75,2019-03-04,10.239999771118164,2019-09-03,false,false,250
2019-12-05,12.0600004196167,15.75,2019-03-04,10.239999771118164,2019-09-03,false,false,251
2019-12-06,12.100000381469727,15.75,2019-03-04,10.239999771118164,2019-09-03,false,false,251
2019-12-09,11.960000038146973,15.75,2019-03-04,10.239999771118164,2019-09-03,false,false,251
2019-12-10,11.819999694824219,15.75,2019-03-04,10.239999771118164,2019-09-03,false,false,251
2019-12-11,11.920000076293945,15.75,2019-03-04,10.239999771118164,2019-09-03,false,false,251
2019-12-12,11.800000190734863,15.75,2019-03-04,10.239999771118164,2019-09-03,false,false,251
2019-12-13,11.710000038146973,15.75,2019-03-04,10.239999771118164,2019-09-03,false,false,251
2019-12-16,11.770000457763672,15.75,2019-03-04,10.239999771118164,2019-09-03,false,false,251
2019-12-17,11.819999694824219,15.75,2019-03-04,10.239999771118164,2019-09-03,false,false,251
2019-12-18,11.989999771118164,15.75,2019-03-04,10.239999771118164,2019-09-03,false,false,251
2019-12-19,12.0600004196167,15.75,2019-03-04,10.239999771118164,2019-09-03,false,false,251
2019-12-20,12.069999694824219,15.75,2019-03-04,10.239999771118164,2019-09-03,false,false,251
2019-12-23,11.930000305175781,15.75,2019-03-04,10.239999771118164,2019-09-03,false,false,251
2019-12-24,11.779999732971191,15.75,2019-03-04,10.239999771118164,2019-09-03,false,false,251
2019-12-26,11.779999732971191,15.75,2019-03-04,10.239999771118164,2019-09-03,false,false,251
2019-12-27,11.819999694824219,15.75,2019-03-04,10.239999771118164,2019-09-03,false,false,251
2019-12-30,11.819999694824219,15.75,2019-03-04,10.239999771118164,2019-09-03,false,false,251
2019-12-31,11.829999923706055,15.75,2019-03-04,10.239999771118164,2019-09-03,false,false,251
2020-01-02,12.229999542236328,15.75,2019-03-04,10.239999771118164,2019-09-03,false,false,251
2020-01-03,12.180000305175781,15.75,2019-03-04,10.239999771118164,2019-09-03,false,false,251
2020-01-06,11.84000015258789,15.75,2019-03-04,10.239999771118164,2019-09-03,false,false,251
2020-01-07,11.630000114440918,15.75,2019-03-04,10.239999771118164,2019-09-03,false,false,251
2020-01-08,11.40999984741211,15.75,2019-03-04,10.239999771118164,2019-09-03,false,false,251
2020-01-09,11.489999771118164,15.75,2019-03-04,10.239999771118164,2019-09-03,false,false,251
2020-01-10,11.510000228881836,15.75,2019-03-04,10.239999771118164,2019-09-03,false,false,251
2020-01-13,11.680000305175781,15.75,2019-03-04,10.239999771118164,2019-09-03,false,false,251
2020-01-14,11.569999694824219,15.75,2019-03-04,10.239999771118164,2019-09-03,false,false,251
2020-01-15,11.5600004196167,15.75,2019-03-04,10.239999771118164,2019-09-03,false,false,251
2020-01-16,11.479999542236328,15.75,2019-03-04,10.239999771118164,2019-09-03,false,false,251
2020-01-17,11.479999542236328,15.75,2019-03-04,10.239999771118164,2019-09-03,false,false,251
2020-01-21,11.34000015258789,15.75,2019-03-04,10.239999771118164,2019-09-03,false,false,251
2020-01-22,11.5,15.75,2019-03-04,10.239999771118164,2019-09-03,false,false,251
2020-01-23,11.34000015258789,15.75,2019-03-04,10.239999771118164,2019-09-03,false,false,251
2020-01-24,11.279999732971191,15.75,2019-03-04,10.239999771118164,2019-09-03,false,false,251
2020-01-27,11.039999961853027,15.75,2019-03-04,10.239999771118164,2019-09-03,false,false,251
2020-01-28,11.109999656677246,15.75,2019-03-04,10.239999771118164,2019-09-03,false,false,251
2020-01-29,11.109999656677246,15.75,2019-03-04,10.239999771118164,2019-09-03,false,false,251
2020-01-30,10.859999656677246,15.75,2019-03-04,10.239999771118164,2019-09-03,false,false,251
2020-01-31,10.569999694824219,15.75,2019-03-04,10.239999771118164,2019-09-03,false,false,251
2020-02-03,10.609999656677246,15.75,2019-03-04,10.239999771118164,2019-09-03,false,false,251
2020-02-04,10.729999542236328,15.75,2019-03-04,10.239999771118164,2019-09-03,false,false,251
2020-02-05,10.819999694824219,15.75,2019-03-04,10.239999771118164,2019-09-03,false,false,251
2020-02-06,10.829999923706055,15.75,2019-03-04,10.239999771118164,2019-09-03,false,false,251
2020-02-07,10.75,15.75,2019-03-04,10.239999771118164,2019-09-03,false,false,251
2020-02-10,10.760000228881836,15.75,2019-03-04,10.239999771118164,2019-09-03,false,false,251
2020-02-11,10.960000038146973,15.75,2019-03-04,10.239999771118164,2019-09-03,false,false,251
2020-02-12,11.029999732971191,15.75,2019-03-04,10.239999771118164,2019-09-03,false,false,251
2020-02-13,10.930000305175781,15.75,2019-03-04,10.239999771118164,2019-09-03,false,false,251
2020-02-14,10.800000190734863,15.75,2019-03-04,10.239999771118164,2019-09-03,false,false,251
2020-02-18,10.9399995803833,15.75,2019-03-04,10.239999771118164,2019-09-03,false,false,251
2020-02-19,10.90999984741211,15.75,2019-03-04,10.239999771118164,2019-09-03,false,false,251
2020-02-20,10.789999961853027,15.75,2019-03-04,10.239999771118164,2019-09-03,false,false,251
2020-02-21,10.869999885559082,15.75,2019-03-04,10.239999771118164,2019-09-03,false,false,251
2020-02-24,10.40999984741211,15.75,2019-03-04,10.239999771118164,2019-09-03,false,false,251
2020-02-25,10.050000190734863,15.75,2019-03-04,10.050000190734863,2020-02-25,false,true,251
2020-02-26,9.899999618530273,15.75,2019-03-04,9.899999618530273,2020-02-26,false,true,251
2020-02-27,9.399999618530273,15.75,2019-03-04,9.399999618530273,2020-02-27,false,true,251
2020-02-28,8.789999961853027,15.75,2019-03-04,8.789999961853027,2020-02-28,false,true,251
2020-03-02,8.829999923706055,15.75,2019-03-04,8.789999961853027,2020-02-28,false,false,251
2020-03-03,8.819999694824219,15.75,2019-03-04,8.789999961853027,2020-02-28,false,false,251
2020-03-04,9.210000038146973,15.65999984741211,2019-03-12,8.789999961853027,2020-02-28,false,false,251
2020-03-05,8.859999656677246,15.65999984741211,2019-03-12,8.789999961853027,2020-02-28,false,false,251
2020-03-06,8.739999771118164,15.65999984741211,2019-03-12,8.739999771118164,2020-03-06,false,true,251
2020-03-09,9.220000267028809,15.65999984741211,2019-03-12,8.739999771118164,2020-03-06,false,false,251
2020-03-10,9.229999542236328,15.65999984741211,2019-03-12,8.739999771118164,2020-03-06,false,false,251
2020-03-11,8.550000190734863,15.65999984741211,2019-03-12,8.550000190734863,2020-03-11,false,true,251
2020-03-12,7.829999923706055,15.40999984741211,2019-03-14,7.829999923706055,2020-03-12,false,true,251
2020-03-13,8.430000305175781,15.40999984741211,2019-03-14,7.829999923706055,2020-03-12,false,false,251
2020-03-16,7.239999771118164,15.010000228881836,2019-03-18,7.239999771118164,2020-03-16,false,true,251
2020-03-17,7.360000133514404,15.010000228881836,2019-03-18,7.239999771118164,2020-03-16,false,false,251
2020-03-18,6.630000114440918,14.1899995803833,2019-03-20,6.630000114440918,2020-03-18,false,true,251
2020-03-19,6.539999961853027,14.1899995803833,2019-03-20,6.539999961853027,2020-03-19,false,true,251
2020-03-20,6.340000152587891,13.829999923706055,2019-03-26,6.340000152587891,2020-03-20,false,true,251
2020-03-23,6.539999961853027,13.829999923706055,2019-03-26,6.340000152587891,2020-03-20,false,false,251
2020-03-24,7.519999980926514,13.829999923706055,2019-03-26,6.340000152587891,2020-03-20,false,false,251
2020-03-25,7.639999866485596,13.829999923706055,2019-03-26,6.340000152587891,2020-03-20,false,false,251
2020-03-26,7.820000171661377,13.199999809265137,2019-04-01,6.340000152587891,2020-03-20,false,false,251
2020-03-27,7.199999809265137,13.199999809265137,2019-04-01,6.340000152587891,2020-03-20,false,false,251
2020-03-30,7.71999979019165,13.199999809265137,2019-04-01,6.340000152587891,2020-03-20,false,false,251
2020-03-31,7.550000190734863,13.199999809265137,2019-04-01,6.340000152587891,2020-03-20,false,false,251
2020-04-01,7.53000020980835,13.1899995803833,2019-04-03,6.340000152587891,2020-03-20,false,false,251
2020-04-02,7.840000152587891,13.1899995803833,2019-04-03,6.340000152587891,2020-03-20,false,false,251
2020-04-03,7.610000133514404,12.84000015258789,2019-04-10,6.340000152587891,2020-03-20,false,false,251
2020-04-06,8,12.84000015258789,2019-04-10,6.340000152587891,2020-03-20,false,false,251
2020-04-07,8.010000228881836,12.84000015258789,2019-04-10,6.340000152587891,2020-03-20,false,false,251
2020-04-08,7.900000095367432,12.84000015258789,2019-04-10,6.340000152587891,2020-03-20,false,false,251
2020-04-09,7.880000114440918,12.84000015258789,2019-04-10,6.340000152587891,2020-03-20,false,false,251
2020-04-13,8.390000343322754,12.75,2019-04-15,6.340000152587891,2020-03-20,false,false,250
2020-04-14,8.760000228881836,12.75,2019-04-15,6.340000152587891,2020-03-20,false,false,250
2020-04-15,8.510000228881836,12.630000114440918,2019-04-17,6.340000152587891,2020-03-20,false,false,250
2020-04-16,8.260000228881836,12.630000114440918,2019-04-17,6.340000152587891,2020-03-20,false,false,250
2020-04-17,8.260000228881836,12.539999961853027,2019-04-22,6.340000152587891,2020-03-20,false,false,250
2020-04-20,8.460000038146973,12.539999961853027,2019-04-22,6.340000152587891,2020-03-20,false,false,251
2020-04-21,8.720000267028809,12.539999961853027,2019-04-22,6.340000152587891,2020-03-20,false,false,251
2020-04-22,9.039999961853027,12.260000228881836,2019-04-29,6.340000152587891,2020-03-20,false,false,251
2020-04-23,9.3100004196167,12.260000228881836,2019-04-29,6.340000152587891,2020-03-20,false,false,251
2020-04-24,9.130000114440918,12.260000228881836,2019-04-29,6.340000152587891,2020-03-20,false,false,251
2020-04-27,9.670000076293945,12.260000228881836,2019-04-29,6.340000152587891,2020-03-20,false,false,251
2020-04-28,9.779999732971191,12.260000228881836,2019-04-29,6.340000152587891,2020-03-20,false,false,251
2020-04-29,9.720000267028809,12.229999542236328,2020-01-02,6.340000152587891,2020-03-20,false,false,251
2020-04-30,9.609999656677246,12.229999542236328,2020-01-02,6.340000152587891,2020-03-20,false,false,251
2020-05-01,9.170000076293945,12.229999542236328,2020-01-02,6.340000152587891,2020-03-20,false,false,251
2020-05-04,9.229999542236328,12.229999542236328,2020-01-02,6.340000152587891,2020-03-20,false,false,251
2020-05-05,9.170000076293945,12.229999542236328,2020-01-02,6.340000152587891,2020-03-20,false,false,251
2020-05-06,9.020000457763672,12.229999542236328,2020-01-02,6.340000152587891,2020-03-20,false,false,251
2020-05-07,9.100000381469727,12.229999542236328,2020-01-02,6.340000152587891,2020-03-20,false,false,251
2020-05-08,9.09000015258789,12.229999542236328,2020-01-02,6.340000152587891,2020-03-20,false,false,251
2020-05-11,8.720000267028809,12.229999542236328,2020-01-02,6.340000152587891,2020-03-20,false,false,251
2020-05-12,8.630000114440918,12.229999542236328,2020-01-02,6.340000152587891,2020-03-20,false,false,251
2020-05-13,8.720000267028809,12.229999542236328,2020-01-02,6.340000152587891,2020-03-20,false,false,251
2020-05-14,9.1899995803833,12.229999542236328,2020-01-02,6.340000152587891,2020-03-20,false,false,251
2020-05-15,8.770000457763672,12.229999542236328,2020-01-02,6.340000152587891,2020-03-20,false,false,251
2020-05-18,9.0600004196167,12.229999542236328,2020-01-02,6.340000152587891,2020-03-20,false,false,251
2020-05-19,8.800000190734863,12.229999542236328,2020-01-02,6.340000152587891,2020-03-20,false,false,251
2020-05-20,8.819999694824219,12.229999542236328,2020-01-02,6.340000152587891,2020-03-20,false,false,251
2020-05-21,8.8100004196167,12.229999542236328,2020-01-02,6.340000152587891,2020-03-20,false,false,251
2020-05-22,8.600000381469727,12.229999542236328,2020-01-02,6.340000152587891,2020-03-20,false,false,251
2020-05-26,8.670000076293945,12.229999542236328,2020-01-02,6.340000152587891,2020-03-20,false,false,251
2020-05-27,8.640000343322754,12.229999542236328,2020-01-02,6.340000152587891,2020-03-20,false,false,251
2020-05-28,8.699999809265137,12.229999542236328,2020-01-02,6.340000152587891,2020-03-20,false,false,251
2020-05-29,8.789999961853027,12.229999542236328,2020-01-02,6.340000152587891,2020-03-20,false,false,251
2020-06-01,8.930000305175781,12.229999542236328,2020-01-02,6.340000152587891,2020-03-20,false,false,251
2020-06-02,8.989999771118164,12.229999542236328,2020-01-02,6.340000152587891,2020-03-20,false,false,251
2020-06-03,9.239999771118164,12.229999542236328,2020-01-02,6.340000152587891,2020-03-20,false,false,251
2020-06-04,8.949999809265137,12.229999542236328,2020-01-02,6.340000152587891,2020-03-20,false,false,251
2020-06-05,9.399999618530273,12.229999542236328,2020-01-02,6.340000152587891,2020-03-20,false,false,251
2020-06-08,9.359999656677246,12.229999542236328,2020-01-02,6.340000152587891,2020-03-20,false,false,251
2020-06-09,9.270000457763672,12.229999542236328,2020-01-02,6.340000152587891,2020-03-20,false,false,251
2020-06-10,9.130000114440918,12.229999542236328,2020-01-02,6.340000152587891,2020-03-20,false,false,251
2020-06-11,8.649999618530273,12.229999542236328,2020-01-02,6.340000152587891,2020-03-20,false,false,251
2020-06-12,8.800000190734863,12.229999542236328,2020-01-02,6.340000152587891,2020-03-20,false,false,251
2020-06-15,8.239999771118164,12.229999542236328,2020-01-02,6.340000152587891,2020-03-20,false,false,251
2020-06-16,8.449999809265137,12.229999542236328,2020-01-02,6.340000152587891,2020-03-20,false,false,251
2020-06-17,8.300000190734863,12.229999542236328,2020-01-02,6.340000152587891,2020-03-20,false,false,251
2020-06-18,8.289999961853027,12.229999542236328,2020-01-02,6.340000152587891,2020-03-20,false,false,251
2020-06-19,8.270000457763672,12.229999542236328,2020-01-02,6.340000152587891,2020-03-20,false,false,251
2020-06-22,8.149999618530273,12.229999542236328,2020-01-02,6.340000152587891,2020-03-20,false,false,251
2020-06-23,8.15999984741211,12.229999542236328,2020-01-02,6.340000152587891,2020-03-20,false,false,251
2020-06-24,8.079999923706055,12.229999542236328,2020-01-02,6.340000152587891,2020-03-20,false,false,251
2020-06-25,8.029999732971191,12.229999542236328,2020-01-02,6.340000152587891,2020-03-20,false,false,251
2020-06-26,8,12.229999542236328,2020-01-02,6.340000152587891,2020-03-20,false,false,251
2020-06-29,7.960000038146973,12.229999542236328,2020-01-02,6.340000152587891,2020-03-20,false,false,251
2020-06-30,7.980000019073486,12.229999542236328,2020-01-02,6.340000152587891,2020-03-20,false,false,251
2020-07-01,8.0600004196167,12.229999542236328,2020-01-02,6.340000152587891,2020-03-20,false,false,251
2020-07-02,8.039999961853027,12.229999542236328,2020-01-02,6.340000152587891,2020-03-20,false,false,251
2020-07-06,8.100000381469727,12.229999542236328,2020-01-02,6.340000152587891,2020-03-20,false,false,251
2020-07-07,7.860000133514404,12.229999542236328,2020-01-02,6.340000152587891,2020-03-20,false,false,251
2020-07-08,7.96999979019165,12.229999542236328,2020-01-02,6.340000152587891,2020-03-20,false,false,251
2020-07-09,7.809999942779541,12.229999542236328,2020-01-02,6.340000152587891,2020-03-20,false,false,251
2020-07-10,7.869999885559082,12.229999542236328,2020-01-02,6.340000152587891,2020-03-20,false,false,251
2020-07-13,8.09000015258789,12.229999542236328,2020-01-02,6.340000152587891,2020-03-20,false,false,251
2020-07-14,8.149999618530273,12.229999542236328,2020-01-02,6.340000152587891,2020-03-20,false,false,251
2020-07-15,8.100000381469727,12.229999542236328,2020-01-02,6.340000152587891,2020-03-20,false,false,251
2020-07-16,8.109999656677246,12.229999542236328,2020-01-02,6.340000152587891,2020-03-20,false,false,251
2020-07-17,8.079999923706055,12.229999542236328,2020-01-02,6.340000152587891,2020-03-20,false,false,251
2020-07-20,8.180000305175781,12.229999542236328,2020-01-02,6.340000152587891,2020-03-20,false,false,251
2020-07-21,8.199999809265137,12.229999542236328,2020-01-02,6.340000152587891,2020-03-20,false,false,251
2020-07-22,8.260000228881836,12.229999542236328,2020-01-02,6.340000152587891,2020-03-20,false,false,251
2020-07-23,7.860000133514404,12.229999542236328,2020-01-02,6.340000152587891,2020-03-20,false,false,251
2020-07-24,7.960000038146973,12.229999542236328,2020-01-02,6.340000152587891,2020-03-20,false,false,251
2020-07-27,7.929999828338623,12.229999542236328,2020-01-02,6.340000152587891,2020-03-20,false,false,251
2020-07-28,8.010000228881836,12.229999542236328,2020-01-02,6.340000152587891,2020-03-20,false,false,251
2020-07-29,8.109999656677246,12.229999542236328,2020-01-02,6.340000152587891,2020-03-20,false,false,251
2020-07-30,7.909999847412109,12.229999542236328,2020-01-02,6.340000152587891,2020-03-20,false,false,251
2020-07-31,7.829999923706055,12.229999542236328,2020-01-02,6.340000152587891,2020-03-20,false,false,251
2020-08-03,7.849999904632568,12.229999542236328,2020-01-02,6.340000152587891,2020-03-20,false,false,251
2020-08-04,7.980000019073486,12.229999542236328,2020-01-02,6.340000152587891,2020-03-20,false,false,251
2020-08-05,7.949999809265137,12.229999542236328,2020-01-02,6.340000152587891,2020-03-20,false,false,251
2020-08-06,8.069999694824219,12.229999542236328,2020-01-02,6.340000152587891,2020-03-20,false,false,251
2020-08-07,8.15999984741211,12.229999542236328,2020-01-02,6.340000152587891,2020-03-20,false,false,251
2020-08-10,8.079999923706055,12.229999542236328,2020-01-02,6.340000152587891,2020-03-20,false,false,251
2020-08-11,8.760000228881836,12.229999542236328,2020-01-02,6.340000152587891,2020-03-20,false,false,251
2020-08-12,8.5600004196167,12.229999542236328,2020-01-02,6.340000152587891,2020-03-20,false,false,251
2020-08-13,8.899999618530273,12.229999542236328,2020-01-02,6.340000152587891,2020-03-20,false,false,251
2020-08-14,9,12.229999542236328,2020-01-02,6.340000152587891,2020-03-20,false,false,251
2020-08-17,9.130000114440918,12.229999542236328,2020-01-02,6.340000152587891,2020-03-20,false,false,251
2020-08-18,8.630000114440918,12.229999542236328,2020-01-02,6.340000152587891,2020-03-20,false,false,251
2020-08-19,8.779999732971191,12.229999542236328,2020-01-02,6.340000152587891,2020-03-20,false,false,251
2020-08-20,8.479999542236328,12.229999542236328,2020-01-02,6.340000152587891,2020-03-20,false,false,251
2020-08-21,8.3100004196167,12.229999542236328,2020-01-02,6.340000152587891,2020-03-20,false,false,251
2020-08-24,8.390000343322754,12.229999542236328,2020-01-02,6.340000152587891,2020-03-20,false,false,251
2020-08-25,8.779999732971191,12.229999542236328,2020-01-02,6.340000152587891,2020-03-20,false,false,251
2020-08-26,8.579999923706055,12.229999542236328,2020-01-02,6.340000152587891,2020-03-20,false,false,251
2020-08-27,8.550000190734863,12.229999542236328,2020-01-02,6.340000152587891,2020-03-20,false,false,251
2020-08-28,8.680000305175781,12.229999542236328,2020-01-02,6.340000152587891,2020-03-20,false,false,251
2020-08-31,8.539999961853027,12.229999542236328,2020-01-02,6.340000152587891,2020-03-20,false,false,251
2020-09-01,8.8100004196167,12.229999542236328,2020-01-02,6.340000152587891,2020-03-20,false,false,252
2020-09-02,8.960000038146973,12.229999542236328,2020-01-02,6.340000152587891,2020-03-20,false,false,252
2020-09-03,8.800000190734863,12.229999542236328,2020-01-02,6.340000152587891,2020-03-20,false,false,252
2020-09-04,8.630000114440918,12.229999542236328,2020-01-02,6.340000152587891,2020-03-20,false,false,252
2020-09-08,8.529999732971191,12.229999542236328,2020-01-02,6.340000152587891,2020-03-20,false,false,251
2020-09-09,8.569999694824219,12.229999542236328,2020-01-02,6.340000152587891,2020-03-20,false,false,251
2020-09-10,8.510000228881836,12.229999542236328,2020-01-02,6.340000152587891,2020-03-20,false,false,251
2020-09-11,8.529999732971191,12.229999542236328,2020-01-02,6.340000152587891,2020-03-20,false,false,251
2020-09-14,8.680000305175781,12.229999542236328,2020-01-02,6.340000152587891,2020-03-20,false,false,251
2020-09-15,8.609999656677246,12.229999542236328,2020-01-02,6.340000152587891,2020-03-20,false,false,251
2020-09-16,8.720000267028809,12.229999542236328,2020-01-02,6.340000152587891,2020-03-20,false,false,251
2020-09-17,8.710000038146973,12.229999542236328,2020-01-02,6.340000152587891,2020-03-20,false,false,251
2020-09-18,8.529999732971191,12.229999542236328,2020-01-02,6.340000152587891,2020-03-20,false,false,251
2020-09-21,8.59000015258789,12.229999542236328,2020-01-02,6.340000152587891,2020-03-20,false,false,251
2020-09-22,8.630000114440918,12.229999542236328,2020-01-02,6.340000152587891,2020-03-20,false,false,251
2020-09-23,8.479999542236328,12.229999542236328,2020-01-02,6.340000152587891,2020-03-20,false,false,251
2020-09-24,8.449999809265137,12.229999542236328,2020-01-02,6.340000152587891,2020-03-20,false,false,251
2020-09-25,8.40999984741211,12.229999542236328,2020-01-02,6.340000152587891,2020-03-20,false,false,251
2020-09-28,8.720000267028809,12.229999542236328,2020-01-02,6.340000152587891,2020-03-20,false,false,251
2020-09-29,8.670000076293945,12.229999542236328,2020-01-02,6.340000152587891,2020-03-20,false,false,251
2020-09-30,8.710000038146973,12.229999542236328,2020-01-02,6.340000152587891,2020-03-20,false,false,251
2020-10-01,8.829999923706055,12.229999542236328,2020-01-02,6.340000152587891,2020-03-20,false,false,251
2020-10-02,8.8100004196167,12.229999542236328,2020-01-02,6.340000152587891,2020-03-20,false,false,251
2020-10-05,8.989999771118164,12.229999542236328,2020-01-02,6.340000152587891,2020-03-20,false,false,251
2020-10-06,8.6899995803833,12.229999542236328,2020-01-02,6.340000152587891,2020-03-20,false,false,251
2020-10-07,8.84000015258789,12.229999542236328,2020-01-02,6.340000152587891,2020-03-20,false,false,251
2020-10-08,9.100000381469727,12.229999542236328,2020-01-02,6.340000152587891,2020-03-20,false,false,251
2020-10-09,9.15999984741211,12.229999542236328,2020-01-02,6.340000152587891,2020-03-20,false,false,251
2020-10-12,9.069999694824219,12.229999542236328,2020-01-02,6.340000152587891,2020-03-20,false,false,251
2020-10-13,9.029999732971191,12.229999542236328,2020-01-02,6.340000152587891,2020-03-20,false,false,251
2020-10-14,9.069999694824219,12.229999542236328,2020-01-02,6.340000152587891,2020-03-20,false,false,251
2020-10-15,9.149999618530273,12.229999542236328,2020-01-02,6.340000152587891,2020-03-20,false,false,251
2020-10-16,9.239999771118164,12.229999542236328,2020-01-02,6.340000152587891,2020-03-20,false,false,251
2020-10-19,9.1899995803833,12.229999542236328,2020-01-02,6.340000152587891,2020-03-20,false,false,251
2020-10-20,9.109999656677246,12.229999542236328,2020-01-02,6.340000152587891,2020-03-20,false,false,251
2020-10-21,9.529999732971191,12.229999542236328,2020-01-02,6.340000152587891,2020-03-20,false,false,251
2020-10-22,9.479999542236328,12.229999542236328,2020-01-02,6.340000152587891,2020-03-20,false,false,251
2020-10-23,9.399999618530273,12.229999542236328,2020-01-02,6.340000152587891,2020-03-20,false,false,251
2020-10-26,9.149999618530273,12.229999542236328,2020-01-02,6.340000152587891,2020-03-20,false,false,251
2020-10-27,8.960000038146973,12.229999542236328,2020-01-02,6.340000152587891,2020-03-20,false,false,251
2020-10-28,8.859999656677246,12.229999542236328,2020-01-02,6.340000152587891,2020-03-20,false,false,251
2020-10-29,8.890000343322754,12.229999542236328,2020-01-02,6.340000152587891,2020-03-20,false,false,251
2020-10-30,8.640000343322754,12.229999542236328,2020-01-02,6.340000152587891,2020-03-20,false,false,251
2020-11-02,8.899999618530273,12.229999542236328,2020-01-02,6.340000152587891,2020-03-20,false,false,251
2020-11-03,9.010000228881836,12.229999542236328,2020-01-02,6.340000152587891,2020-03-20,false,false,251
2020-11-04,8.90999984741211,12.229999542236328,2020-01-02,6.340000152587891,2020-03-20,false,false,251
2020-11-05,9.09000015258789,12.229999542236328,2020-01-02,6.340000152587891,2020-03-20,false,false,251
2020-11-06,9.0600004196167,12.229999542236328,2020-01-02,6.340000152587891,2020-03-20,false,false,251
2020-11-09,9.15999984741211,12.229999542236328,2020-01-02,6.340000152587891,2020-03-20,false,false,251
2020-11-10,9.220000267028809,12.229999542236328,2020-01-02,6.340000152587891,2020-03-20,false,false,251
2020-11-11,9.350000381469727,12.229999542236328,2020-01-02,6.340000152587891,2020-03-20,false,false,251
2020-11-12,9.260000228881836,12.229999542236328,2020-01-02,6.340000152587891,2020-03-20,false,false,251
2020-11-13,9.710000038146973,12.229999542236328,2020-01-02,6.340000152587891,2020-03-20,false,false,251
2020-11-16,9.600000381469727,12.229999542236328,2020-01-02,6.340000152587891,2020-03-20,false,false,251
2020-11-17,9.739999771118164,12.229999542236328,2020-01-02,6.340000152587891,2020-03-20,false,false,251
2020-11-18,9.579999923706055,12.229999542236328,2020-01-02,6.340000152587891,2020-03-20,false,false,251
2020-11-19,9.420000076293945,12.229999542236328,2020-01-02,6.340000152587891,2020-03-20,false,false,251
2020-11-20,9.520000457763672,12.229999542236328,2020-01-02,6.340000152587891,2020-03-20,false,false,251
2020-11-23,9.630000114440918,12.229999542236328,2020-01-02,6.340000152587891,2020-03-20,false,false,251
2020-11-24,10.029999732971191,12.229999542236328,2020-01-02,6.340000152587891,2020-03-20,false,false,251
2020-11-25,9.930000305175781,12.229999542236328,2020-01-02,6.340000152587891,2020-03-20,false,false,251
2020-11-27,9.739999771118164,12.229999542236328,2020-01-02,6.340000152587891,2020-03-20,false,false,251
2020-11-30,9.489999771118164,12.229999542236328,2020-01-02,6.340000152587891,2020-03-20,false,false,251
2020-12-01,9.609999656677246,12.229999542236328,2020-01-02,6.340000152587891,2020-03-20,false,false,251
2020-12-02,9.8100004196167,12.229999542236328,2020-01-02,6.340000152587891,2020-03-20,false,false,251
2020-12-03,10.109999656677246,12.229999542236328,2020-01-02,6.340000152587891,2020-03-20,false,false,251
2020-12-04,10.09000015258789,12.229999542236328,2020-01-02,6.340000152587891,2020-03-20,false,false,251
2020-12-07,10,12.229999542236328,2020-01-02,6.340000152587891,2020-03-20,false,false,251
2020-12-08,9.770000457763672,12.229999542236328,2020-01-02,6.340000152587891,2020-03-20,false,false,251
2020-12-09,10.029999732971191,12.229999542236328,2020-01-02,6.340000152587891,2020-03-20,false,false,251
2020-12-10,10.819999694824219,12.229999542236328,2020-01-02,6.340000152587891,2020-03-20,false,false,251
2020-12-11,10.739999771118164,12.229999542236328,2020-01-02,6.340000152587891,2020-03-20,false,false,251
2020-12-14,10.779999732971191,12.229999542236328,2020-01-02,6.340000152587891,2020-03-20,false,false,251
2020-12-15,10.949999809265137,12.229999542236328,2020-01-02,6.340000152587891,2020-03-20,false,false,251
2020-12-16,10.800000190734863,12.229999542236328,2020-01-02,6.340000152587891,2020-03-20,false,false,251
2020-12-17,12.119999885559082,12.229999542236328,2020-01-02,6.340000152587891,2020-03-20,false,false,251
2020-12-18,12.75,12.75,2020-12-18,6.340000152587891,2020-03-20,true,false,251
2020-12-21,12.579999923706055,12.75,2020-12-18,6.340000152587891,2020-03-20,false,false,251
2020-12-22,11.850000381469727,12.75,2020-12-18,6.340000152587891,2020-03-20,false,false,251
2020-12-23,11.949999809265137,12.75,2020-12-18,6.340000152587891,2020-03-20,false,false,251
2020-12-24,12.039999961853027,12.75,2020-12-18,6.340000152587891,2020-03-20,false,false,252
2020-12-28,12.119999885559082,12.75,2020-12-18,6.340000152587891,2020-03-20,false,false,251
2020-12-29,11.949999809265137,12.75,2020-12-18,6.340000152587891,2020-03-20,false,false,251
2020-12-30,12.319999694824219,12.75,2020-12-18,6.340000152587891,2020-03-20,false,false,251
2020-12-31,12.270000457763672,12.75,2020-12-18,6.340000152587891,2020-03-20,false,false,252
2021-01-04,12.15999984741211,12.75,2020-12-18,6.340000152587891,2020-03-20,false,false,251
2021-01-05,12.300000190734863,12.75,2020-12-18,6.340000152587891,2020-03-20,false,false,251
2021-01-06,12.369999885559082,12.75,2020-12-18,6.340000152587891,2020-03-20,false,false,251
2021-01-07,12.239999771118164,12.75,2020-12-18,6.340000152587891,2020-03-20,false,false,251
2021-01-08,12.149999618530273,12.75,2020-12-18,6.340000152587891,2020-03-20,false,false,251
2021-01-11,11.899999618530273,12.75,2020-12-18,6.340000152587891,2020-03-20,false,false,251
2021-01-12,11.800000190734863,12.75,2020-12-18,6.340000152587891,2020-03-20,false,false,251
2021-01-13,11.65999984741211,12.75,2020-12-18,6.340000152587891,2020-03-20,false,false,251
2021-01-14,11.819999694824219,12.75,2020-12-18,6.340000152587891,2020-03-20,false,false,251
2021-01-15,11.470000267028809,12.75,2020-12-18,6.340000152587891,2020-03-20,false,false,251
2021-01-19,11.319999694824219,12.75,2020-12-18,6.340000152587891,2020-03-20,false,false,251
2021-01-20,11.270000457763672,12.75,2020-12-18,6.340000152587891,2020-03-20,false,false,251
2021-01-21,11.270000457763672,12.75,2020-12-18,6.340000152587891,2020-03-20,false,false,251
2021-01-22,10.949999809265137,12.75,2020-12-18,6.340000152587891,2020-03-20,false,false,251
2021-01-25,11.069999694824219,12.75,2020-12-18,6.340000152587891,2020-03-20,false,false,251
2021-01-26,11.130000114440918,12.75,2020-12-18,6.340000152587891,2020-03-20,false,false,251
2021-01-27,10.829999923706055,12.75,2020-12-18,6.340000152587891,2020-03-20,false,false,251
2021-01-28,10.680000305175781,12.75,2020-12-18,6.340000152587891,2020-03-20,false,false,251
2021-01-29,10.279999732971191,12.75,2020-12-18,6.340000152587891,2020-03-20,false,false,251
2021-02-01,10.319999694824219,12.75,2020-12-18,6.340000152587891,2020-03-20,false,false,251
2021-02-02,10.539999961853027,12.75,2020-12-18,6.340000152587891,2020-03-20,false,false,251
2021-02-03,10.470000267028809,12.75,2020-12-18,6.340000152587891,2020-03-20,false,false,251
2021-02-04,10.670000076293945,12.75,2020-12-18,6.340000152587891,2020-03-20,false,false,251
2021-02-05,10.550000190734863,12.75,2020-12-18,6.340000152587891,2020-03-20,false,false,251
2021-02-08,10.800000190734863,12.75,2020-12-18,6.340000152587891,2020-03-20,false,false,251
2021-02-09,11.020000457763672,12.75,2020-12-18,6.340000152587891,2020-03-20,false,false,251
2021-02-10,10.930000305175781,12.75,2020-12-18,6.340000152587891,2020-03-20,false,false,251
2021-02-11,10.979999542236328,12.75,2020-12-18,6.340000152587891,2020-03-20,false,false,251
2021-02-12,10.930000305175781,12.75,2020-12-18,6.340000152587891,2020-03-20,false,false,251
2021-02-16,10.649999618530273,12.75,2020-12-18,6.340000152587891,2020-03-20,false,false,251
2021-02-17,10.760000228881836,12.75,2020-12-18,6.340000152587891,2020-03-20,false,false,251
2021-02-18,10.680000305175781,12.75,2020-12-18,6.340000152587891,2020-03-20,false,false,251
2021-02-19,10.739999771118164,12.75,2020-12-18,6.340000152587891,2020-03-20,false,false,251
2021-02-22,10.789999961853027,12.75,2020-12-18,6.340000152587891,2020-03-20,false,false,251
2021-02-23,10.720000267028809,12.75,2020-12-18,6.340000152587891,2020-03-20,false,false,251
2021-02-24,10.520000457763672,12.75,2020-12-18,6.340000152587891,2020-03-20,false,false,251
2021-02-25,10.34000015258789,12.75,2020-12-18,6.340000152587891,2020-03-20,false,false,251
2021-02-26,10.050000190734863,12.75,2020-12-18,6.340000152587891,2020-03-20,false,false,251
2021-03-01,10.25,12.75,2020-12-18,6.340000152587891,2020-03-20,false,false,251
2021-03-02,10.199999809265137,12.75,2020-12-18,6.340000152587891,2020-03-20,false,false,251
2021-03-03,10.430000305175781,12.75,2020-12-18,6.340000152587891,2020-03-20,false,false,251
2021-03-04,10.350000381469727,12.75,2020-12-18,6.340000152587891,2020-03-20,false,false,251
2021-03-05,10.3100004196167,12.75,2020-12-18,6.340000152587891,2020-03-20,false,false,251
2021-03-08,10.130000114440918,12.75,2020-12-18,6.340000152587891,2020-03-20,false,false,251
2021-03-09,10.210000038146973,12.75,2020-12-18,6.340000152587891,2020-03-20,false,false,251
2021-03-10,10.1899995803833,12.75,2020-12-18,6.340000152587891,2020-03-20,false,false,251
2021-03-11,10.229999542236328,12.75,2020-12-18,6.340000152587891,2020-03-20,false,false,251
2021-03-12,10.289999961853027,12.75,2020-12-18,6.340000152587891,2020-03-20,false,false,251
2021-03-15,10.40999984741211,12.75,2020-12-18,6.340000152587891,2020-03-20,false,false,251
2021-03-16,10.970000267028809,12.75,2020-12-18,6.340000152587891,2020-03-20,false,false,251
2021-03-17,11,12.75,2020-12-18,6.340000152587891,2020-03-20,false,false,251
2021-03-18,10.6899995803833,12.75,2020-12-18,6.340000152587891,2020-03-20,false,false,251
2021-03-19,10.729999542236328,12.75,2020-12-18,6.340000152587891,2020-03-20,false,false,251
2021-03-22,10.329999923706055,12.75,2020-12-18,6.340000152587891,2020-03-20,false,false,251
2021-03-23,10.0600004196167,12.75,2020-12-18,7.199999809265137,2020-03-27,false,false,251
2021-03-24,10.039999961853027,12.75,2020-12-18,7.199999809265137,2020-03-27,false,false,251
2021-03-25,10.1899995803833,12.75,2020-12-18,7.199999809265137,2020-03-27,false,false,251
2021-03-26,10.319999694824219,12.75,2020-12-18,7.199999809265137,2020-03-27,false,false,251
2021-03-29,10.270000457763672,12.75,2020-12-18,7.199999809265137,2020-03-27,false,false,251
2021-03-30,10.1899995803833,12.75,2020-12-18,7.53000020980835,2020-04-01,false,false,251
2021-03-31,10.260000228881836,12.75,2020-12-18,7.53000020980835,2020-04-01,false,false,251
2021-04-01,10.399999618530273,12.75,2020-12-18,7.53000020980835,2020-04-01,false,false,251
2021-04-05,10.640000343322754,12.75,2020-12-18,7.809999942779541,2020-07-09,false,false,250
2021-04-06,10.6899995803833,12.75,2020-12-18,7.809999942779541,2020-07-09,false,false,250
2021-04-07,10.720000267028809,12.75,2020-12-18,7.809999942779541,2020-07-09,false,false,250
2021-04-08,10.640000343322754,12.75,2020-12-18,7.809999942779541,2020-07-09,false,false,250
2021-04-09,10.630000114440918,12.75,2020-12-18,7.809999942779541,2020-07-09,false,false,250
2021-04-12,10.630000114440918,12.75,2020-12-18,7.809999942779541,2020-07-09,false,false,251
2021-04-13,10.680000305175781,12.75,2020-12-18,7.809999942779541,2020-07-09,false,false,251
2021-04-14,10.729999542236328,12.75,2020-12-18,7.809999942779541,2020-07-09,false,false,251
2021-04-15,10.760000228881836,12.75,2020-12-18,7.809999942779541,2020-07-09,false,false,251
2021-04-16,10.699999809265137,12.75,2020-12-18,7.809999942779541,2020-07-09,false,false,251
2021-04-19,10.819999694824219,12.75,2020-12-18,7.809999942779541,2020-07-09,false,false,251
2021-04-20,10.800000190734863,12.75,2020-12-18,7.809999942779541,2020-07-09,false,false,251
2021-04-21,10.779999732971191,12.75,2020-12-18,7.809999942779541,2020-07-09,false,false,251
2021-04-22,10.670000076293945,12.75,2020-12-18,7.809999942779541,2020-07-09,false,false,251
2021-04-23,10.800000190734863,12.75,2020-12-18,7.809999942779541,2020-07-09,false,false,251
2021-04-26,10.829999923706055,12.75,2020-12-18,7.809999942779541,2020-07-09,false,false,251
2021-04-27,11.0600004196167,12.75,2020-12-18,7.809999942779541,2020-07-09,false,false,251
2021-04-28,10.930000305175781,12.75,2020-12-18,7.809999942779541,2020-07-09,false,false,251
2021-04-29,10.890000343322754,12.75,2020-12-18,7.809999942779541,2020-07-09,false,false,251
2021-04-30,10.579999923706055,12.75,2020-12-18,7.809999942779541,2020-07-09,false,false,251
2021-05-03,10.510000228881836,12.75,2020-12-18,7.809999942779541,2020-07-09,false,false,251
2021-05-04,10.399999618530273,12.75,2020-12-18,7.809999942779541,2020-07-09,false,false,251
2021-05-05,10.390000343322754,12.75,2020-12-18,7.809999942779541,2020-07-09,false,false,251
2021-05-06,10.65999984741211,12.75,2020-12-18,7.809999942779541,2020-07-09,false,false,251
2021-05-07,10.920000076293945,12.75,2020-12-18,7.809999942779541,2020-07-09,false,false,251
2021-05-10,10.930000305175781,12.75,2020-12-18,7.809999942779541,2020-07-09,false,false,251
2021-05-11,10.949999809265137,12.75,2020-12-18,7.809999942779541,2020-07-09,false,false,251
2021-05-12,10.479999542236328,12.75,2020-12-18,7.809999942779541,2020-07-09,false,false,251
2021-05-13,10.600000381469727,12.75,2020-12-18,7.809999942779541,2020-07-09,false,false,251
2021-05-14,10.600000381469727,12.75,2020-12-18,7.809999942779541,2020-07-09,false,false,251
2021-05-17,10.4399995803833,12.75,2020-12-18,7.809999942779541,2020-07-09,false,false,251
2021-05-18,10.630000114440918,12.75,2020-12-18,7.809999942779541,2020-07-09,false,false,251
2021-05-19,10.5600004196167,12.75,2020-12-18,7.809999942779541,2020-07-09,false,false,251
2021-05-20,10.550000190734863,12.75,2020-12-18,7.809999942779541,2020-07-09,false,false,251
2021-05-21,10.470000267028809,12.75,2020-12-18,7.809999942779541,2020-07-09,false,false,251
2021-05-24,11.170000076293945,12.75,2020-12-18,7.809999942779541,2020-07-09,false,false,251
2021-05-25,11.029999732971191,12.75,2020-12-18,7.809999942779541,2020-07-09,false,false,252
2021-05-26,11.710000038146973,12.75,2020-12-18,7.809999942779541,2020-07-09,false,false,252
2021-05-27,11.630000114440918,12.75,2020-12-18,7.809999942779541,2020-07-09,false,false,252
2021-05-28,11.479999542236328,12.75,2020-12-18,7.809999942779541,2020-07-09,false,false,252
2021-06-01,11.729999542236328,12.75,2020-12-18,7.809999942779541,2020-07-09,false,false,251
2021-06-02,11.630000114440918,12.75,2020-12-18,7.809999942779541,2020-07-09,false,false,251
2021-06-03,11.609999656677246,12.75,2020-12-18,7.809999942779541,2020-07-09,false,false,251
2021-06-04,11.680000305175781,12.75,2020-12-18,7.809999942779541,2020-07-09,false,false,251
2021-06-07,12.180000305175781,12.75,2020-12-18,7.809999942779541,2020-07-09,false,false,251
2021-06-08,11.699999809265137,12.75,2020-12-18,7.809999942779541,2020-07-09,false,false,251
2021-06-09,11.699999809265137,12.75,2020-12-18,7.809999942779541,2020-07-09,false,false,251
2021-06-10,11.649999618530273,12.75,2020-12-18,7.809999942779541,2020-07-09,false,false,251
2021-06-11,11.729999542236328,12.75,2020-12-18,7.809999942779541,2020-07-09,false,false,251
2021-06-14,11.920000076293945,12.75,2020-12-18,7.809999942779541,2020-07-09,false,false,251
2021-06-15,11.84000015258789,12.75,2020-12-18,7.809999942779541,2020-07-09,false,false,251
2021-06-16,11.729999542236328,12.75,2020-12-18,7.809999942779541,2020-07-09,false,false,251
2021-06-17,11.8100004196167,12.75,2020-12-18,7.809999942779541,2020-07-09,false,false,251
2021-06-18,11.640000343322754,12.75,2020-12-18,7.809999942779541,2020-07-09,false,false,251
2021-06-21,11.119999885559082,12.75,2020-12-18,7.809999942779541,2020-07-09,false,false,251
2021-06-22,10.960000038146973,12.75,2020-12-18,7.809999942779541,2020-07-09,false,false,251
2021-06-23,10.710000038146973,12.75,2020-12-18,7.809999942779541,2020-07-09,false,false,251
2021-06-24,10.880000114440918,12.75,2020-12-18,7.809999942779541,2020-07-09,false,false,251
2021-06-25,10.979999542236328,12.75,2020-12-18,7.809999942779541,2020-07-09,false,false,251
2021-06-28,11,12.75,2020-12-18,7.809999942779541,2020-07-09,false,false,251
2021-06-29,10.789999961853027,12.75,2020-12-18,7.809999942779541,2020-07-09,false,false,251
2021-06-30,10.800000190734863,12.75,2020-12-18,7.809999942779541,2020-07-09,false,false,251
2021-07-01,10.770000457763672,12.75,2020-12-18,7.809999942779541,2020-07-09,false,false,251
2021-07-02,10.859999656677246,12.75,2020-12-18,7.809999942779541,2020-07-09,false,false,251
2021-07-06,10.710000038146973,12.75,2020-12-18,7.809999942779541,2020-07-09,false,false,251
2021-07-07,10.789999961853027,12.75,2020-12-18,7.809999942779541,2020-07-09,false,false,251
2021-07-08,10.510000228881836,12.75,2020-12-18,7.809999942779541,2020-07-09,false,false,251
2021-07-09,10.569999694824219,12.75,2020-12-18,7.809999942779541,2020-07-09,false,false,251
2021-07-12,10.739999771118164,12.75,2020-12-18,7.829999923706055,2020-07-31,false,false,251
2021-07-13,10.6899995803833,12.75,2020-12-18,7.829999923706055,2020-07-31,false,false,251
2021-07-14,10.770000457763672,12.75,2020-12-18,7.829999923706055,2020-07-31,false,false,251
2021-07-15,10.859999656677246,12.75,2020-12-18,7.829999923706055,2020-07-31,false,false,251
2021-07-16,10.850000381469727,12.75,2020-12-18,7.829999923706055,2020-07-31,false,false,251
2021-07-19,10.84000015258789,12.75,2020-12-18,7.829999923706055,2020-07-31,false,false,251
2021-07-20,11.0600004196167,12.75,2020-12-18,7.829999923706055,2020-07-31,false,false,251
2021-07-21,10.979999542236328,12.75,2020-12-18,7.829999923706055,2020-07-31,false,false,251
2021-07-22,10.859999656677246,12.75,2020-12-18,7.829999923706055,2020-07-31,false,false,251
2021-07-23,10.850000381469727,12.75,2020-12-18,7.829999923706055,2020-07-31,false,false,251
2021-07-26,10.819999694824219,12.75,2020-12-18,7.829999923706055,2020-07-31,false,false,251
2021-07-27,10.649999618530273,12.75,2020-12-18,7.829999923706055,2020-07-31,false,false,251
2021-07-28,10.819999694824219,12.75,2020-12-18,7.829999923706055,2020-07-31,false,false,251
2021-07-29,10.930000305175781,12.75,2020-12-18,7.829999923706055,2020-07-31,false,false,251
2021-07-30,10.770000457763672,12.75,2020-12-18,7.829999923706055,2020-07-31,false,false,251
2021-08-02,10.899999618530273,12.75,2020-12-18,7.829999923706055,2020-07-31,false,false,251
2021-08-03,10.930000305175781,12.75,2020-12-18,7.949999809265137,2020-08-05,false,false,251
2021-08-04,10.9399995803833,12.75,2020-12-18,7.949999809265137,2020-08-05,false,false,251
2021-08-05,11.029999732971191,12.75,2020-12-18,7.949999809265137,2020-08-05,false,false,251
2021-08-06,11.039999961853027,12.75,2020-12-18,8.079999923706055,2020-08-10,false,false,251
2021-08-09,11.010000228881836,12.75,2020-12-18,8.079999923706055,2020-08-10,false,false,251
2021-08-10,10.949999809265137,12.75,2020-12-18,8.079999923706055,2020-08-10,false,false,251
2021-08-11,10.859999656677246,12.75,2020-12-18,8.3100004196167,2020-08-21,false,false,251
2021-08-12,10.770000457763672,12.75,2020-12-18,8.3100004196167,2020-08-21,false,false,251
2021-08-13,10.65999984741211,12.75,2020-12-18,8.3100004196167,2020-08-21,false,false,251
2021-08-16,10.59000015258789,12.75,2020-12-18,8.3100004196167,2020-08-21,false,false,251
2021-08-17,10.260000228881836,12.75,2020-12-18,8.3100004196167,2020-08-21,false,false,251
2021-08-18,10.279999732971191,12.75,2020-12-18,8.3100004196167,2020-08-21,false,false,251
2021-08-19,10.020000457763672,12.75,2020-12-18,8.3100004196167,2020-08-21,false,false,251
2021-08-20,10.069999694824219,12.75,2020-12-18,8.3100004196167,2020-08-21,false,false,251
2021-08-23,10.180000305175781,12.75,2020-12-18,8.3100004196167,2020-08-21,false,false,251
2021-08-24,10.359999656677246,12.75,2020-12-18,8.40999984741211,2020-09-25,false,false,251
2021-08-25,10.300000190734863,12.75,2020-12-18,8.40999984741211,2020-09-25,false,false,251
2021-08-26,10.130000114440918,12.75,2020-12-18,8.40999984741211,2020-09-25,false,false,251
2021-08-27,10.3100004196167,12.75,2020-12-18,8.40999984741211,2020-09-25,false,false,251
2021-08-30,10.1899995803833,12.75,2020-12-18,8.40999984741211,2020-09-25,false,false,251
2021-08-31,10.329999923706055,12.75,2020-12-18,8.40999984741211,2020-09-25,false,false,251
2021-09-01,10.460000038146973,12.75,2020-12-18,8.40999984741211,2020-09-25,false,false,251
2021-09-02,10.329999923706055,12.75,2020-12-18,8.40999984741211,2020-09-25,false,false,251
2021-09-03,10.319999694824219,12.75,2020-12-18,8.40999984741211,2020-09-25,false,false,251
2021-09-07,10.260000228881836,12.75,2020-12-18,8.40999984741211,2020-09-25,false,false,251
2021-09-08,10.09000015258789,12.75,2020-12-18,8.40999984741211,2020-09-25,false,false,251
2021-09-09,9.949999809265137,12.75,2020-12-18,8.40999984741211,2020-09-25,false,false,251
2021-09-10,9.979999542236328,12.75,2020-12-18,8.40999984741211,2020-09-25,false,false,251
2021-09-13,10.210000038146973,12.75,2020-12-18,8.40999984741211,2020-09-25,false,false,251
2021-09-14,10.140000343322754,12.75,2020-12-18,8.40999984741211,2020-09-25,false,false,251
2021-09-15,10.300000190734863,12.75,2020-12-18,8.40999984741211,2020-09-25,false,false,251
2021-09-16,10.279999732971191,12.75,2020-12-18,8.40999984741211,2020-09-25,false,false,251
2021-09-17,10.260000228881836,12.75,2020-12-18,8.40999984741211,2020-09-25,false,false,251
2021-09-20,10.130000114440918,12.75,2020-12-18,8.40999984741211,2020-09-25,false,false,251
2021-09-21,10.119999885559082,12.75,2020-12-18,8.40999984741211,2020-09-25,false,false,251
2021-09-22,10.239999771118164,12.75,2020-12-18,8.40999984741211,2020-09-25,false,false,251
2021-09-23,10.329999923706055,12.75,2020-12-18,8.40999984741211,2020-09-25,false,false,251
2021-09-24,10.140000343322754,12.75,2020-12-18,8.40999984741211,2020-09-25,false,false,251
2021-09-27,10.170000076293945,12.75,2020-12-18,8.40999984741211,2020-09-25,false,false,251
2021-09-28,9.84000015258789,12.75,2020-12-18,8.640000343322754,2020-10-30,false,false,251
2021-09-29,9.9399995803833,12.75,2020-12-18,8.640000343322754,2020-10-30,false,false,251
2021-09-30,9.869999885559082,12.75,2020-12-18,8.640000343322754,2020-10-30,false,false,251
2021-10-01,10.010000228881836,12.75,2020-12-18,8.640000343322754,2020-10-30,false,false,251
2021-10-04,9.970000267028809,12.75,2020-12-18,8.640000343322754,2020-10-30,false,false,251
2021-10-05,9.930000305175781,12.75,2020-12-18,8.640000343322754,2020-10-30,false,false,251
2021-10-06,9.699999809265137,12.75,2020-12-18,8.640000343322754,2020-10-30,false,false,251
2021-10-07,9.720000267028809,12.75,2020-12-18,8.640000343322754,2020-10-30,false,false,251
2021-10-08,9.569999694824219,12.75,2020-12-18,8.640000343322754,2020-10-30,false,false,251
2021-10-11,9.5,12.75,2020-12-18,8.640000343322754,2020-10-30,false,false,251
2021-10-12,9.319999694824219,12.75,2020-12-18,8.640000343322754,2020-10-30,false,false,251
2021-10-13,9.609999656677246,12.75,2020-12-18,8.640000343322754,2020-10-30,false,false,251
2021-10-14,9.619999885559082,12.75,2020-12-18,8.640000343322754,2020-10-30,false,false,251
2021-10-15,9.699999809265137,12.75,2020-12-18,8.640000343322754,2020-10-30,false,false,251
2021-10-18,9.65999984741211,12.75,2020-12-18,8.640000343322754,2020-10-30,false,false,251
2021-10-19,9.770000457763672,12.75,2020-12-18,8.640000343322754,2020-10-30,false,false,251
2021-10-20,9.75,12.75,2020-12-18,8.640000343322754,2020-10-30,false,false,251
2021-10-21,9.819999694824219,12.75,2020-12-18,8.640000343322754,2020-10-30,false,false,251
2021-10-22,9.75,12.75,2020-12-18,8.640000343322754,2020-10-30,false,false,251
2021-10-25,9.829999923706055,12.75,2020-12-18,8.640000343322754,2020-10-30,false,false,251
2021-10-26,9.779999732971191,12.75,2020-12-18,8.640000343322754,2020-10-30,false,false,251
2021-10-27,9.729999542236328,12.75,2020-12-18,8.640000343322754,2020-10-30,false,false,251
2021-10-28,9.739999771118164,12.75,2020-12-18,8.640000343322754,2020-10-30,false,false,251
2021-10-29,9.59000015258789,12.75,2020-12-18,8.640000343322754,2020-10-30,false,false,251
2021-11-01,9.59000015258789,12.75,2020-12-18,8.640000343322754,2020-10-30,false,false,251
2021-11-02,9.710000038146973,12.75,2020-12-18,8.90999984741211,2020-11-04,false,false,251
2021-11-03,9.600000381469727,12.75,2020-12-18,8.90999984741211,2020-11-04,false,false,251
2021-11-04,9.710000038146973,12.75,2020-12-18,8.90999984741211,2020-11-04,false,false,251
2021-11-05,9.9399995803833,12.75,2020-12-18,9.0600004196167,2020-11-06,false,false,251
2021-11-08,10.039999961853027,12.75,2020-12-18,9.0600004196167,2020-11-06,false,false,251
2021-11-09,9.899999618530273,12.75,2020-12-18,9.220000267028809,2020-11-10,false,false,251
2021-11-10,9.779999732971191,12.75,2020-12-18,9.220000267028809,2020-11-10,false,false,251
2021-11-11,9.739999771118164,12.75,2020-12-18,9.260000228881836,2020-11-12,false,false,251
2021-11-12,9.829999923706055,12.75,2020-12-18,9.260000228881836,2020-11-12,false,false,251
2021-11-15,9.670000076293945,12.75,2020-12-18,9.319999694824219,2021-10-12,false,false,251
2021-11-16,9.579999923706055,12.75,2020-12-18,9.319999694824219,2021-10-12,false,false,251
2021-11-17,9.510000228881836,12.75,2020-12-18,9.319999694824219,2021-10-12,false,false,251
2021-11-18,9.350000381469727,12.75,2020-12-18,9.319999694824219,2021-10-12,false,false,251
2021-11-19,9.270000457763672,12.75,2020-12-18,9.270000457763672,2021-11-19,false,true,251
2021-11-22,9.270000457763672,12.75,2020-12-18,9.270000457763672,2021-11-22,false,true,251
2021-11-23,9.34000015258789,12.75,2020-12-18,9.270000457763672,2021-11-22,false,false,251
2021-11-24,9.300000190734863,12.75,2020-12-18,9.270000457763672,2021-11-22,false,false,251
2021-11-26,9.079999923706055,12.75,2020-12-18,9.079999923706055,2021-11-26,false,true,251
2021-11-29,9,12.75,2020-12-18,9,2021-11-29,false,true,251
2021-11-30,8.779999732971191,12.75,2020-12-18,8.779999732971191,2021-11-30,false,true,251
2021-12-01,8.770000457763672,12.75,2020-12-18,8.770000457763672,2021-12-01,false,true,251
2021-12-02,9.020000457763672,12.75,2020-12-18,8.770000457763672,2021-12-01,false,false,251
2021-12-03,9.029999732971191,12.75,2020-12-18,8.770000457763672,2021-12-01,false,false,251
2021-12-06,9.1899995803833,12.75,2020-12-18,8.770000457763672,2021-12-01,false,false,251
2021-12-07,9.3100004196167,12.75,2020-12-18,8.770000457763672,2021-12-01,false,false,251
2021-12-08,9.420000076293945,12.75,2020-12-18,8.770000457763672,2021-12-01,false,false,251
2021-12-09,9.380000114440918,12.75,2020-12-18,8.770000457763672,2021-12-01,false,false,251
2021-12-10,9.329999923706055,12.75,2020-12-18,8.770000457763672,2021-12-01,false,false,251
2021-12-13,9.029999732971191,12.75,2020-12-18,8.770000457763672,2021-12-01,false,false,251
2021-12-14,8.949999809265137,12.75,2020-12-18,8.770000457763672,2021-12-01,false,false,251
2021-12-15,9.0600004196167,12.75,2020-12-18,8.770000457763672,2021-12-01,false,false,251
2021-12-16,9.100000381469727,12.75,2020-12-18,8.770000457763672,2021-12-01,false,false,251
2021-12-17,9.130000114440918,12.75,2020-12-18,8.770000457763672,2021-12-01,false,false,251
2021-12-20,8.789999961853027,12.75,2020-12-18,8.770000457763672,2021-12-01,false,false,251
2021-12-21,8.850000381469727,12.369999885559082,2021-01-06,8.770000457763672,2021-12-01,false,false,251
2021-12-22,8.859999656677246,12.369999885559082,2021-01-06,8.770000457763672,2021-12-01,false,false,251
2021-12-23,9.069999694824219,12.369999885559082,2021-01-06,8.770000457763672,2021-12-01,false,false,251
2021-12-27,9.100000381469727,12.369999885559082,2021-01-06,8.770000457763672,2021-12-01,false,false,251
2021-12-28,9.430000305175781,12.369999885559082,2021-01-06,8.770000457763672,2021-12-01,false,false,251
2021-12-29,9.649999618530273,12.369999885559082,2021-01-06,8.770000457763672,2021-12-01,false,false,251
2021-12-30,9.149999618530273,12.369999885559082,2021-01-06,8.770000457763672,2021-12-01,false,false,251
2021-12-31,9.140000343322754,12.369999885559082,2021-01-06,8.770000457763672,2021-12-01,false,false,251
2022-01-03,9.289999961853027,12.369999885559082,2021-01-06,8.770000457763672,2021-12-01,false,false,252
2022-01-04,9.0600004196167,12.369999885559082,2021-01-06,8.770000457763672,2021-12-01,false,false,252
2022-01-05,8.989999771118164,12.369999885559082,2021-01-06,8.770000457763672,2021-12-01,false,false,252
2022-01-06,8.819999694824219,12.369999885559082,2021-01-06,8.770000457763672,2021-12-01,false,false,252
2022-01-07,9.010000228881836,12.180000305175781,2021-06-07,8.770000457763672,2021-12-01,false,false,252
2022-01-10,8.90999984741211,12.180000305175781,2021-06-07,8.770000457763672,2021-12-01,false,false,252
2022-01-11,9.020000457763672,12.180000305175781,2021-06-07,8.770000457763672,2021-12-01,false,false,252
2022-01-12,9.09000015258789,12.180000305175781,2021-06-07,8.770000457763672,2021-12-01,false,false,252
2022-01-13,9.180000305175781,12.180000305175781,2021-06-07,8.770000457763672,2021-12-01,false,false,252
2022-01-14,8.979999542236328,12.180000305175781,2021-06-07,8.770000457763672,2021-12-01,false,false,252
2022-01-18,8.6899995803833,12.180000305175781,2021-06-07,8.6899995803833,2022-01-18,false,true,252
2022-01-19,8.75,12.180000305175781,2021-06-07,8.6899995803833,2022-01-18,false,false,252
2022-01-20,8.75,12.180000305175781,2021-06-07,8.6899995803833,2022-01-18,false,false,252
2022-01-21,8.760000228881836,12.180000305175781,2021-06-07,8.6899995803833,2022-01-18,false,false,252
2022-01-24,8.710000038146973,12.180000305175781,2021-06-07,8.6899995803833,2022-01-18,false,false,252
2022-01-25,8.5600004196167,12.180000305175781,2021-06-07,8.5600004196167,2022-01-25,false,true,252
2022-01-26,8.600000381469727,12.180000305175781,2021-06-07,8.5600004196167,2022-01-25,false,false,252
2022-01-27,8.34000015258789,12.180000305175781,2021-06-07,8.34000015258789,2022-01-27,false,true,252
2022-01-28,8.460000038146973,12.180000305175781,2021-06-07,8.34000015258789,2022-01-27,false,false,252
2022-01-31,8.670000076293945,12.180000305175781,2021-06-07,8.34000015258789,2022-01-27,false,false,252
2022-02-01,8.770000457763672,12.180000305175781,2021-06-07,8.34000015258789,2022-01-27,false,false,252
2022-02-02,8.710000038146973,12.180000305175781,2021-06-07,8.34000015258789,2022-01-27,false,false,252
2022-02-03,8.720000267028809,12.180000305175781,2021-06-07,8.34000015258789,2022-01-27,false,false,252
2022-02-04,8.869999885559082,12.180000305175781,2021-06-07,8.34000015258789,2022-01-27,false,false,252
2022-02-07,9.130000114440918,12.180000305175781,2021-06-07,8.34000015258789,2022-01-27,false,false,252
2022-02-08,9.25,12.180000305175781,2021-06-07,8.34000015258789,2022-01-27,false,false,252
2022-02-09,9.34000015258789,12.180000305175781,2021-06-07,8.34000015258789,2022-01-27,false,false,252
2022-02-10,9.34000015258789,12.180000305175781,2021-06-07,8.34000015258789,2022-01-27,false,false,252
2022-02-11,9.359999656677246,12.180000305175781,2021-06-07,8.34000015258789,2022-01-27,false,false,252
2022-02-14,9.289999961853027,12.180000305175781,2021-06-07,8.34000015258789,2022-01-27,false,false,252
2022-02-15,9.180000305175781,12.180000305175781,2021-06-07,8.34000015258789,2022-01-27,false,false,253
2022-02-16,9.460000038146973,12.180000305175781,2021-06-07,8.34000015258789,2022-01-27,false,false,253
2022-02-17,9.229999542236328,12.180000305175781,2021-06-07,8.34000015258789,2022-01-27,false,false,253
2022-02-18,9.420000076293945,12.180000305175781,2021-06-07,8.34000015258789,2022-01-27,false,false,253
2022-02-22,9.359999656677246,12.180000305175781,2021-06-07,8.34000015258789,2022-01-27,false,false,252
2022-02-23,9.25,12.180000305175781,2021-06-07,8.34000015258789,2022-01-27,false,false,252
2022-02-24,9.350000381469727,12.180000305175781,2021-06-07,8.34000015258789,2022-01-27,false,false,252
2022-02-25,9.239999771118164,12.180000305175781,2021-06-07,8.34000015258789,2022-01-27,false,false,252
2022-02-28,9.699999809265137,12.180000305175781,2021-06-07,8.34000015258789,2022-01-27,false,false,252
2022-03-01,9.579999923706055,12.180000305175781,2021-06-07,8.34000015258789,2022-01-27,false,false,252
2022-03-02,9.59000015258789,12.180000305175781,2021-06-07,8.34000015258789,2022-01-27,false,false,252
2022-03-03,9.930000305175781,12.180000305175781,2021-06-07,8.34000015258789,2022-01-27,false,false,252
2022-03-04,9.84000015258789,12.180000305175781,2021-06-07,8.34000015258789,2022-01-27,false,false,252
2022-03-07,9.430000305175781,12.180000305175781,2021-06-07,8.34000015258789,2022-01-27,false,false,252
2022-03-08,9.529999732971191,12.180000305175781,2021-06-07,8.34000015258789,2022-01-27,false,false,252
2022-03-09,9.819999694824219,12.180000305175781,2021-06-07,8.34000015258789,2022-01-27,false,false,252
2022-03-10,9.930000305175781,12.180000305175781,2021-06-07,8.34000015258789,2022-01-27,false,false,252
2022-03-11,9.970000267028809,12.180000305175781,2021-06-07,8.34000015258789,2022-01-27,false,false,252
2022-03-14,9.819999694824219,12.180000305175781,2021-06-07,8.34000015258789,2022-01-27,false,false,252
2022-03-15,9.930000305175781,12.180000305175781,2021-06-07,8.34000015258789,2022-01-27,false,false,252
2022-03-16,10.180000305175781,12.180000305175781,2021-06-07,8.34000015258789,2022-01-27,false,false,252
2022-03-17,10.029999732971191,12.180000305175781,2021-06-07,8.34000015258789,2022-01-27,false,false,252
2022-03-18,9.850000381469727,12.180000305175781,2021-06-07,8.34000015258789,2022-01-27,false,false,252
2022-03-21,9.40999984741211,12.180000305175781,2021-06-07,8.34000015258789,2022-01-27,false,false,252
2022-03-22,9.539999961853027,12.180000305175781,2021-06-07,8.34000015258789,2022-01-27,false,false,252
2022-03-23,9.4399995803833,12.180000305175781,2021-06-07,8.34000015258789,2022-01-27,false,false,252
2022-03-24,9.470000267028809,12.180000305175781,2021-06-07,8.34000015258789,2022-01-27,false,false,252
2022-03-25,9.430000305175781,12.180000305175781,2021-06-07,8.34000015258789,2022-01-27,false,false,252
2022-03-28,9.5,12.180000305175781,2021-06-07,8.34000015258789,2022-01-27,false,false,252
2022-03-29,9.4399995803833,12.180000305175781,2021-06-07,8.34000015258789,2022-01-27,false,false,252
2022-03-30,9.399999618530273,12.180000305175781,2021-06-07,8.34000015258789,2022-01-27,false,false,252
2022-03-31,9.3100004196167,12.180000305175781,2021-06-07,8.34000015258789,2022-01-27,false,false,252
2022-04-01,9.420000076293945,12.180000305175781,2021-06-07,8.34000015258789,2022-01-27,false,false,252
2022-04-04,9.539999961853027,12.180000305175781,2021-06-07,8.34000015258789,2022-01-27,false,false,253
2022-04-05,9.369999885559082,12.180000305175781,2021-06-07,8.34000015258789,2022-01-27,false,false,253
2022-04-06,9.329999923706055,12.180000305175781,2021-06-07,8.34000015258789,2022-01-27,false,false,253
2022-04-07,9.010000228881836,12.180000305175781,2021-06-07,8.34000015258789,2022-01-27,false,false,253
2022-04-08,9,12.180000305175781,2021-06-07,8.34000015258789,2022-01-27,false,false,253
2022-04-11,8.850000381469727,12.180000305175781,2021-06-07,8.34000015258789,2022-01-27,false,false,253
2022-04-12,8.819999694824219,12.180000305175781,2021-06-07,8.34000015258789,2022-01-27,false,false,253
2022-04-13,9.039999961853027,12.180000305175781,2021-06-07,8.34000015258789,2022-01-27,false,false,253
2022-04-14,8.859999656677246,12.180000305175781,2021-06-07,8.34000015258789,2022-01-27,false,false,253
2022-04-18,8.75,12.180000305175781,2021-06-07,8.34000015258789,2022-01-27,false,false,252
2022-04-19,8.699999809265137,12.180000305175781,2021-06-07,8.34000015258789,2022-01-27,false,false,252
2022-04-20,8.65999984741211,12.180000305175781,2021-06-07,8.34000015258789,2022-01-27,false,false,252
2022-04-21,8.649999618530273,12.180000305175781,2021-06-07,8.34000015258789,2022-01-27,false,false,252
2022-04-22,8.489999771118164,12.180000305175781,2021-06-07,8.34000015258789,2022-01-27,false,false,252
2022-04-25,8.479999542236328,12.180000305175781,2021-06-07,8.34000015258789,2022-01-27,false,false,252
2022-04-26,8.329999923706055,12.180000305175781,2021-06-07,8.329999923706055,2022-04-26,false,true,252
2022-04-27,8.270000457763672,12.180000305175781,2021-06-07,8.270000457763672,2022-04-27,false,true,252
2022-04-28,8.90999984741211,12.180000305175781,2021-06-07,8.270000457763672,2022-04-27,false,false,252
2022-04-29,8.880000114440918,12.180000305175781,2021-06-07,8.270000457763672,2022-04-27,false,false,252
2022-05-02,8.729999542236328,12.180000305175781,2021-06-07,8.270000457763672,2022-04-27,false,false,252
2022-05-03,8.739999771118164,12.180000305175781,2021-06-07,8.270000457763672,2022-04-27,false,false,252
2022-05-04,9.119999885559082,12.180000305175781,2021-06-07,8.270000457763672,2022-04-27,false,false,252
2022-05-05,8.84000015258789,12.180000305175781,2021-06-07,8.270000457763672,2022-04-27,false,false,252
2022-05-06,8.899999618530273,12.180000305175781,2021-06-07,8.270000457763672,2022-04-27,false,false,252
2022-05-09,8.579999923706055,12.180000305175781,2021-06-07,8.270000457763672,2022-04-27,false,false,252
2022-05-10,8.649999618530273,12.180000305175781,2021-06-07,8.270000457763672,2022-04-27,false,false,252
2022-05-11,8.510000228881836,12.180000305175781,2021-06-07,8.270000457763672,2022-04-27,false,false,252
2022-05-12,8.449999809265137,12.180000305175781,2021-06-07,8.270000457763672,2022-04-27,false,false,252
2022-05-13,8.8100004196167,12.180000305175781,2021-06-07,8.270000457763672,2022-04-27,false,false,252
2022-05-16,8.8100004196167,12.180000305175781,2021-06-07,8.270000457763672,2022-04-27,false,false,252
2022-05-17,9.069999694824219,12.180000305175781,2021-06-07,8.270000457763672,2022-04-27,false,false,252
2022-05-18,8.579999923706055,12.180000305175781,2021-06-07,8.270000457763672,2022-04-27,false,false,252
2022-05-19,8.819999694824219,12.180000305175781,2021-06-07,8.270000457763672,2022-04-27,false,false,252
2022-05-20,8.90999984741211,12.180000305175781,2021-06-07,8.270000457763672,2022-04-27,false,false,252
2022-05-23,8.989999771118164,12.180000305175781,2021-06-07,8.270000457763672,2022-04-27,false,false,252
2022-05-24,9.300000190734863,12.180000305175781,2021-06-07,8.270000457763672,2022-04-27,false,false,252
2022-05-25,9.25,12.180000305175781,2021-06-07,8.270000457763672,2022-04-27,false,false,252
2022-05-26,9.359999656677246,12.180000305175781,2021-06-07,8.270000457763672,2022-04-27,false,false,252
2022-05-27,9.5,12.180000305175781,2021-06-07,8.270000457763672,2022-04-27,false,false,252
2022-05-31,9.260000228881836,12.180000305175781,2021-06-07,8.270000457763672,2022-04-27,false,false,252
2022-06-01,9.289999961853027,12.180000305175781,2021-06-07,8.270000457763672,2022-04-27,false,false,252
2022-06-02,9.239999771118164,12.180000305175781,2021-06-07,8.270000457763672,2022-04-27,false,false,252
2022-06-03,9.140000343322754,12.180000305175781,2021-06-07,8.270000457763672,2022-04-27,false,false,252
2022-06-06,9.1899995803833,12.180000305175781,2021-06-07,8.270000457763672,2022-04-27,false,false,252
2022-06-07,9.220000267028809,12.180000305175781,2021-06-07,8.270000457763672,2022-04-27,false,false,252
2022-06-08,9.34000015258789,11.920000076293945,2021-06-14,8.270000457763672,2022-04-27,false,false,252
2022-06-09,9,11.920000076293945,2021-06-14,8.270000457763672,2022-04-27,false,false,252
2022-06-10,8.779999732971191,11.920000076293945,2021-06-14,8.270000457763672,2022-04-27,false,false,252
2022-06-13,8.390000343322754,11.920000076293945,2021-06-14,8.270000457763672,2022-04-27,false,false,252
2022-06-14,8.449999809265137,11.920000076293945,2021-06-14,8.270000457763672,2022-04-27,false,false,252
2022-06-15,8.75,11.8100004196167,2021-06-17,8.270000457763672,2022-04-27,false,false,252
2022-06-16,8.770000457763672,11.8100004196167,2021-06-17,8.270000457763672,2022-04-27,false,false,252
2022-06-17,8.760000228881836,11.8100004196167,2021-06-17,8.270000457763672,2022-04-27,false,false,252
2022-06-21,8.5,11.0600004196167,2021-07-20,8.270000457763672,2022-04-27,false,false,251
2022-06-22,8.470000267028809,11.0600004196167,2021-07-20,8.270000457763672,2022-04-27,false,false,251
2022-06-23,8.260000228881836,11.0600004196167,2021-07-20,8.260000228881836,2022-06-23,false,true,251
2022-06-24,8.779999732971191,11.0600004196167,2021-07-20,8.260000228881836,2022-06-23,false,false,251
2022-06-27,8.890000343322754,11.0600004196167,2021-07-20,8.260000228881836,2022-06-23,false,false,251
2022-06-28,8.489999771118164,11.0600004196167,2021-07-20,8.260000228881836,2022-06-23,false,false,251
2022-06-29,8.600000381469727,11.0600004196167,2021-07-20,8.260000228881836,2022-06-23,false,false,251
2022-06-30,8.779999732971191,11.0600004196167,2021-07-20,8.260000228881836,2022-06-23,false,false,251
2022-07-01,8.789999961853027,11.0600004196167,2021-07-20,8.260000228881836,2022-06-23,false,false,251
2022-07-05,8.75,11.0600004196167,2021-07-20,8.260000228881836,2022-06-23,false,false,251
2022-07-06,8.609999656677246,11.0600004196167,2021-07-20,8.260000228881836,2022-06-23,false,false,251
2022-07-07,8.720000267028809,11.0600004196167,2021-07-20,8.260000228881836,2022-06-23,false,false,251
2022-07-08,8.619999885559082,11.0600004196167,2021-07-20,8.260000228881836,2022-06-23,false,false,251
2022-07-11,8.329999923706055,11.0600004196167,2021-07-20,8.260000228881836,2022-06-23,false,false,251
2022-07-12,8.520000457763672,11.0600004196167,2021-07-20,8.260000228881836,2022-06-23,false,false,251
2022-07-13,8.390000343322754,11.0600004196167,2021-07-20,8.260000228881836,2022-06-23,false,false,251
2022-07-14,8.170000076293945,11.0600004196167,2021-07-20,8.170000076293945,2022-07-14,false,true,251
2022-07-15,8.210000038146973,11.0600004196167,2021-07-20,8.170000076293945,2022-07-14,false,false,251
2022-07-18,8.220000267028809,11.0600004196167,2021-07-20,8.170000076293945,2022-07-14,false,false,251
2022-07-19,8.5,11.0600004196167,2021-07-20,8.170000076293945,2022-07-14,false,false,251
2022-07-20,8.359999656677246,11.0600004196167,2021-07-20,8.170000076293945,2022-07-14,false,false,251
2022-07-21,8.329999923706055,11.039999961853027,2021-08-06,8.170000076293945,2022-07-14,false,false,251
2022-07-22,8.289999961853027,11.039999961853027,2021-08-06,8.170000076293945,2022-07-14,false,false,251
2022-07-25,8.4399995803833,11.039999961853027,2021-08-06,8.170000076293945,2022-07-14,false,false,251
2022-07-26,8.449999809265137,11.039999961853027,2021-08-06,8.170000076293945,2022-07-14,false,false,251
2022-07-27,8.569999694824219,11.039999961853027,2021-08-06,8.170000076293945,2022-07-14,false,false,251
2022-07-28,8.720000267028809,11.039999961853027,2021-08-06,8.170000076293945,2022-07-14,false,false,251
2022-07-29,8.619999885559082,11.039999961853027,2021-08-06,8.170000076293945,2022-07-14,false,false,251
2022-08-01,8.449999809265137,11.039999961853027,2021-08-06,8.170000076293945,2022-07-14,false,false,251
2022-08-02,8.34000015258789,11.039999961853027,2021-08-06,8.170000076293945,2022-07-14,false,false,251
2022-08-03,8.40999984741211,11.039999961853027,2021-08-06,8.170000076293945,2022-07-14,false,false,251
2022-08-04,8.399999618530273,11.039999961853027,2021-08-06,8.170000076293945,2022-07-14,false,false,251
2022-08-05,8.369999885559082,11.039999961853027,2021-08-06,8.170000076293945,2022-07-14,false,false,251
2022-08-08,8.369999885559082,11.039999961853027,2021-08-06,8.170000076293945,2022-07-14,false,false,251
2022-08-09,8.399999618530273,10.949999809265137,2021-08-10,8.170000076293945,2022-07-14,false,false,251
2022-08-10,8.479999542236328,10.949999809265137,2021-08-10,8.170000076293945,2022-07-14,false,false,251
2022-08-11,8.399999618530273,10.770000457763672,2021-08-12,8.170000076293945,2022-07-14,false,false,251
2022-08-12,8.520000457763672,10.770000457763672,2021-08-12,8.170000076293945,2022-07-14,false,false,251
2022-08-15,8.5600004196167,10.59000015258789,2021-08-16,8.170000076293945,2022-07-14,false,false,251
2022-08-16,8.390000343322754,10.59000015258789,2021-08-16,8.170000076293945,2022-07-14,false,false,251
2022-08-17,8.239999771118164,10.460000038146973,2021-09-01,8.170000076293945,2022-07-14,false,false,251
2022-08-18,8.15999984741211,10.460000038146973,2021-09-01,8.15999984741211,2022-08-18,false,true,251
2022-08-19,8,10.460000038146973,2021-09-01,8,2022-08-19,false,true,251
2022-08-22,7.829999923706055,10.460000038146973,2021-09-01,7.829999923706055,2022-08-22,false,true,251
2022-08-23,7.730000019073486,10.460000038146973,2021-09-01,7.730000019073486,2022-08-23,false,true,251
2022-08-24,7.5,10.460000038146973,2021-09-01,7.5,2022-08-24,false,true,251
2022-08-25,7.710000038146973,10.460000038146973,2021-09-01,7.5,2022-08-24,false,false,251
2022-08-26,7.559999942779541,10.460000038146973,2021-09-01,7.5,2022-08-24,false,false,251
2022-08-29,7.489999771118164,10.460000038146973,2021-09-01,7.489999771118164,2022-08-29,false,true,251
2022-08-30,7.519999980926514,10.460000038146973,2021-09-01,7.489999771118164,2022-08-29,false,false,251
2022-08-31,7.630000114440918,10.460000038146973,2021-09-01,7.489999771118164,2022-08-29,false,false,251
2022-09-01,7.349999904632568,10.460000038146973,2021-09-01,7.349999904632568,2022-09-01,false,true,251
2022-09-02,7.130000114440918,10.329999923706055,2021-09-23,7.130000114440918,2022-09-02,false,true,251
2022-09-06,6.989999771118164,10.329999923706055,2021-09-23,6.989999771118164,2022-09-06,false,true,251
2022-09-07,7.070000171661377,10.329999923706055,2021-09-23,6.989999771118164,2022-09-06,false,false,251
2022-09-08,7.010000228881836,10.329999923706055,2021-09-23,6.989999771118164,2022-09-06,false,false,251
2022-09-09,7.130000114440918,10.329999923706055,2021-09-23,6.989999771118164,2022-09-06,false,false,251
2022-09-12,7.190000057220459,10.329999923706055,2021-09-23,6.989999771118164,2022-09-06,false,false,251
2022-09-13,6.96999979019165,10.329999923706055,2021-09-23,6.96999979019165,2022-09-13,false,true,251
2022-09-14,6.869999885559082,10.329999923706055,2021-09-23,6.869999885559082,2022-09-14,false,true,251
2022-09-15,6.78000020980835,10.329999923706055,2021-09-23,6.78000020980835,2022-09-15,false,true,251
2022-09-16,6.71999979019165,10.329999923706055,2021-09-23,6.71999979019165,2022-09-16,false,true,251
2022-09-19,6.980000019073486,10.329999923706055,2021-09-23,6.71999979019165,2022-09-16,false,false,251
2022-09-20,6.960000038146973,10.329999923706055,2021-09-23,6.71999979019165,2022-09-16,false,false,251
2022-09-21,7.03000020980835,10.329999923706055,2021-09-23,6.71999979019165,2022-09-16,false,false,251
2022-09-22,7.150000095367432,10.329999923706055,2021-09-23,6.71999979019165,2022-09-16,false,false,251
2022-09-23,6.869999885559082,10.329999923706055,2021-09-23,6.71999979019165,2022-09-16,false,false,251
2022-09-26,6.949999809265137,10.180000305175781,2022-03-16,6.71999979019165,2022-09-16,false,false,251
2022-09-27,6.989999771118164,10.180000305175781,2022-03-16,6.71999979019165,2022-09-16,false,false,251
2022-09-28,6.769999980926514,10.180000305175781,2022-03-16,6.71999979019165,2022-09-16,false,false,251
2022-09-29,6.849999904632568,10.180000305175781,2022-03-16,6.71999979019165,2022-09-16,false,false,251
2022-09-30,6.800000190734863,10.180000305175781,2022-03-16,6.71999979019165,2022-09-16,false,false,251
2022-10-03,6.929999828338623,10.180000305175781,2022-03-16,6.71999979019165,2022-09-16,false,false,251
2022-10-04,7.110000133514404,10.180000305175781,2022-03-16,6.71999979019165,2022-09-16,false,false,251
2022-10-05,6.900000095367432,10.180000305175781,2022-03-16,6.71999979019165,2022-09-16,false,false,251
2022-10-06,6.860000133514404,10.180000305175781,2022-03-16,6.71999979019165,2022-09-16,false,false,251
2022-10-07,6.630000114440918,10.180000305175781,2022-03-16,6.630000114440918,2022-10-07,false,true,251
2022-10-10,6.539999961853027,10.180000305175781,2022-03-16,6.539999961853027,2022-10-10,false,true,251
2022-10-11,6.53000020980835,10.180000305175781,2022-03-16,6.53000020980835,2022-10-11,false,true,251
2022-10-12,6.289999961853027,10.180000305175781,2022-03-16,6.289999961853027,2022-10-12,false,true,251
2022-10-13,6.110000133514404,10.180000305175781,2022-03-16,6.110000133514404,2022-10-13,false,true,251
2022-10-14,5.920000076293945,10.180000305175781,2022-03-16,5.920000076293945,2022-10-14,false,true,251
2022-10-17,6.050000190734863,10.180000305175781,2022-03-16,5.920000076293945,2022-10-14,false,false,251
2022-10-18,6.050000190734863,10.180000305175781,2022-03-16,5.920000076293945,2022-10-14,false,false,251
2022-10-19,5.980000019073486,10.180000305175781,2022-03-16,5.920000076293945,2022-10-14,false,false,251
2022-10-20,5.889999866485596,10.180000305175781,2022-03-16,5.889999866485596,2022-10-20,false,true,251
2022-10-21,5.940000057220459,10.180000305175781,2022-03-16,5.889999866485596,2022-10-20,false,false,251
2022-10-24,5.800000190734863,10.180000305175781,2022-03-16,5.800000190734863,2022-10-24,false,true,251
2022-10-25,5.949999809265137,10.180000305175781,2022-03-16,5.800000190734863,2022-10-24,false,false,251
2022-10-26,5.989999771118164,10.180000305175781,2022-03-16,5.800000190734863,2022-10-24,false,false,251
2022-10-27,6.03000020980835,10.180000305175781,2022-03-16,5.800000190734863,2022-10-24,false,false,251
2022-10-28,6.119999885559082,10.180000305175781,2022-03-16,5.800000190734863,2022-10-24,false,false,251
2022-10-31,5.869999885559082,10.180000305175781,2022-03-16,5.800000190734863,2022-10-24,false,false,251
2022-11-01,6.130000114440918,10.180000305175781,2022-03-16,5.800000190734863,2022-10-24,false,false,251
2022-11-02,5.909999847412109,10.180000305175781,2022-03-16,5.800000190734863,2022-10-24,false,false,251
2022-11-03,5.880000114440918,10.180000305175781,2022-03-16,5.800000190734863,2022-10-24,false,false,251
2022-11-04,6.110000133514404,10.180000305175781,2022-03-16,5.800000190734863,2022-10-24,false,false,251
2022-11-07,6.130000114440918,10.180000305175781,2022-03-16,5.800000190734863,2022-10-24,false,false,251
2022-11-08,6.25,10.180000305175781,2022-03-16,5.800000190734863,2022-10-24,false,false,251
2022-11-09,6.789999961853027,10.180000305175781,2022-03-16,5.800000190734863,2022-10-24,false,false,251
2022-11-10,6.820000171661377,10.180000305175781,2022-03-16,5.800000190734863,2022-10-24,false,false,251
2022-11-11,7.190000057220459,10.180000305175781,2022-03-16,5.800000190734863,2022-10-24,false,false,251
2022-11-14,7.260000228881836,10.180000305175781,2022-03-16,5.800000190734863,2022-10-24,false,false,251
2022-11-15,7.400000095367432,10.180000305175781,2022-03-16,5.800000190734863,2022-10-24,false,false,251
2022-11-16,7.360000133514404,10.180000305175781,2022-03-16,5.800000190734863,2022-10-24,false,false,251
2022-11-17,7.309999942779541,10.180000305175781,2022-03-16,5.800000190734863,2022-10-24,false,false,251
2022-11-18,7.420000076293945,10.180000305175781,2022-03-16,5.800000190734863,2022-10-24,false,false,251
2022-11-21,7.260000228881836,10.180000305175781,2022-03-16,5.800000190734863,2022-10-24,false,false,251
2022-11-22,7.25,10.180000305175781,2022-03-16,5.800000190734863,2022-10-24,false,false,251
2022-11-23,7.510000228881836,10.180000305175781,2022-03-16,5.800000190734863,2022-10-24,false,false,251
2022-11-25,7.610000133514404,10.180000305175781,2022-03-16,5.800000190734863,2022-10-24,false,false,251
2022-11-28,7.519999980926514,10.180000305175781,2022-03-16,5.800000190734863,2022-10-24,false,false,251
2022-11-29,7.710000038146973,10.180000305175781,2022-03-16,5.800000190734863,2022-10-24,false,false,251
2022-11-30,8.079999923706055,10.180000305175781,2022-03-16,5.800000190734863,2022-10-24,false,false,251
